!HECMW-DMD-ASCII version=3
0
0
1
1
3
../sample.msh
0
1
SAMPLE DATA
0.0000000000000000E+00
8
8
4
1 0
2 0
3 0
4 0
1 1
2 1
1 2
2 2
1001 1002 1003 1004 1005 1006 1007 1008 
0.0000000000000000E+00 0.0000000000000000E+00 0.0000000000000000E+00
1.0000000000000000E+00 0.0000000000000000E+00 0.0000000000000000E+00
0.0000000000000000E+00 1.0000000000000000E+00 0.0000000000000000E+00
1.0000000000000000E+00 1.0000000000000000E+00 0.0000000000000000E+00
0.0000000000000000E+00 0.0000000000000000E+00 1.0000000000000000E+00
1.0000000000000000E+00 0.0000000000000000E+00 1.0000000000000000E+00
0.0000000000000000E+00 1.0000000000000000E+00 1.0000000000000000E+00
1.0000000000000000E+00 1.0000000000000000E+00 1.0000000000000000E+00
3
1
0 4 
3 
1
1
1
1 
1 0
1 
361 
2
0 1 1 
361 371 
0 8 
1 2 4 3 5 6 8 7 
1 
0 1 
1 
1
1
0
3
1
0
0
3
2
1 2 
0 2 4 
5 6 7 8 
0 4 8 
1 2 3 4 1 2 3 4 
0 1 2 
1 1 
1
1 
0 
0 1 
1 
0 0 
0 1 
1.0000000000000000E+00 
1
1
2
2
M1
0 1 
0 2 
0 1 2 
4.0000000000000000E+03 2.9999999999999999E-01 
0.0000000000000000E+00 0.0000000000000000E+00 
0
0
7
ALL
XFIX
YFIX
ZFIX
XFIX2
YFIX2
ZFIX2
0 8 12 16 20 24 28 32 
1 2 3 4 5 6 7 8 1 3
5 7 1 2 5 6 1 2 3 4
2 4 6 8 3 4 7 8 5 6
7 8 
2
ALL
PRESS
0 1 1 
1 
6
TOP
BOTTOM
RIGHT
LEFT
FRONT
BACK
0 0 1 2 3 4 5 
1 1
1 4
1 6
1 3
1 5
0
0
