!HECMW-DMD-ASCII version=3
0
0
1
1
3
../sample.msh
0
1
SAMPLE DATA
0.0000000000000000E+00
24
24
11
1 0
2 0
3 0
4 0
5 0
6 0
7 0
8 0
9 0
10 0
11 0
2 1
4 1
1 2
3 2
4 2
6 1
8 1
6 2
7 2
10 1
12 1
9 2
10 2
1002 1102 1112 1202 1212 1113 1114 2111 2112 2113
2114 1001 1011 1012 1021 1022 1101 1111 1121 1122
1201 1211 1221 1222 
1.0000000000000000E+00 0.0000000000000000E+00 0.0000000000000000E+00
1.0000000000000000E+00 0.0000000000000000E+00 5.0000000000000000E-01
1.0000000000000000E+00 5.0000000000000000E-01 5.0000000000000000E-01
1.0000000000000000E+00 0.0000000000000000E+00 1.0000000000000000E+00
1.0000000000000000E+00 5.0000000000000000E-01 1.0000000000000000E+00
1.5000000000000000E+00 5.0000000000000000E-01 5.0000000000000000E-01
2.0000000000000000E+00 5.0000000000000000E-01 5.0000000000000000E-01
5.0000000000000000E-01 5.0000000000000000E-01 5.0000000000000000E-01
1.0000000000000000E+00 5.0000000000000000E-01 5.0000000000000000E-01
1.5000000000000000E+00 5.0000000000000000E-01 5.0000000000000000E-01
2.0000000000000000E+00 5.0000000000000000E-01 5.0000000000000000E-01
5.0000000000000000E-01 0.0000000000000000E+00 0.0000000000000000E+00
5.0000000000000000E-01 5.0000000000000000E-01 0.0000000000000000E+00
1.0000000000000000E+00 5.0000000000000000E-01 0.0000000000000000E+00
5.0000000000000000E-01 1.0000000000000000E+00 0.0000000000000000E+00
1.0000000000000000E+00 1.0000000000000000E+00 0.0000000000000000E+00
5.0000000000000000E-01 0.0000000000000000E+00 5.0000000000000000E-01
5.0000000000000000E-01 5.0000000000000000E-01 5.0000000000000000E-01
5.0000000000000000E-01 1.0000000000000000E+00 5.0000000000000000E-01
1.0000000000000000E+00 1.0000000000000000E+00 5.0000000000000000E-01
5.0000000000000000E-01 0.0000000000000000E+00 1.0000000000000000E+00
5.0000000000000000E-01 5.0000000000000000E-01 1.0000000000000000E+00
5.0000000000000000E-01 1.0000000000000000E+00 1.0000000000000000E+00
1.0000000000000000E+00 1.0000000000000000E+00 1.0000000000000000E+00
3
1
0 11 
3 
7
7
7
1 2 3 4 5 6 7 
1 0
2 0
3 0
4 0
5 0
6 0
7 0
2 4 6 8 9 10 11 
361 361 361 361 641 641 641 
2
0 4 7 
361 641 
0 8 16 24 32 36 40 44 
12 1 14 13 17 2 3 18 13 14
16 15 18 3 20 19 17 2 3 18
21 4 5 22 18 3 20 19 22 5
24 23 18 3 8 9 3 6 9 10
6 7 10 11 
1 1 1 1 2 2 2 
0 1 2 3 4 5 6 7 
1 1 1 1 2 2 2 
7
1
0
3
1
0
0
3
2
1 2 
0 6 13 
12 13 17 18 21 22 14 15 16 19
20 23 24 
0 7 11 
1 2 3 4 5 8 9 1 2 3
5 
0 5 8 
1 2 3 4 5 1 2 4 
2
1 3 
0 0 
0 1 2 
1 2 
0 0 0 
0 1 8 
1.0000000000000000E+00 0.0000000000000000E+00 0.0000000000000000E+00 -1.0000000000000000E+00 1.9635000000000002E+01
3.0679600000000001E+01 3.0679600000000001E+01 6.1307600000000001E+01 
2
4
13
13
M1
M2
0 1 4 
0 2 11 12 13 
0 1 2 3 4 5 6 7 8 9
10 11 12 13 
2.0000000000000000E+05 2.9999999999999999E-01 2.0000000000000000E+05 2.9999999999999999E-01 2.5000000000000000E+00
0.0000000000000000E+00 4.5000000000000000E+01 9.0000000000000000E+01 1.3500000000000000E+02 1.8000000000000000E+02
9.0000000000000000E+01 1.0000000000000000E+00 1.0000000000000001E-05 
0.0000000000000000E+00 0.0000000000000000E+00 0.0000000000000000E+00 0.0000000000000000E+00 0.0000000000000000E+00
0.0000000000000000E+00 0.0000000000000000E+00 0.0000000000000000E+00 0.0000000000000000E+00 0.0000000000000000E+00
0.0000000000000000E+00 0.0000000000000000E+00 0.0000000000000000E+00 
0
0
8
ALL
XFIX
YFIX
ZFIX
XFIX2
YFIX2
ZFIX2
TIP
0 24 24 30 36 45 51 57 59 
12 1 13 14 15 16 17 2 18 3
6 7 19 20 21 4 22 5 23 24
8 9 10 11 12 1 17 2 21 4
12 1 13 14 15 16 1 14 16 2
3 20 4 5 24 15 16 19 20 23
24 21 4 22 5 23 24 6 10 
3
ALL
CUBE
BEAM33
0 7 11 14 
1 2 3 4 5 6 7 1 2 3
4 5 6 7 
6
TOP
BOTTOM
RIGHT
LEFT
FRONT
BACK
0 2 4 8 8 10 12 
3 2
4 2
1 1
2 1
1 4
2 4
3 4
4 4
1 3
3 3
2 5
4 5
0
0
