!HECMW-DMD-ASCII version=3
0
0
1
1
3
../sample.msh
0
1
SAMPLE DATA
0.0000000000000000E+00
18
18
9
1 0
2 0
3 0
4 0
5 0
6 0
7 0
8 0
9 0
1 1
2 1
3 1
4 1
5 1
6 1
7 1
8 1
9 1
8 9 11 12 14 15 16 17 18 1
2 3 4 5 6 7 10 13 
1.0000000000000000E+00 0.0000000000000000E+00 1.0000000000000000E+00
2.0000000000000000E+00 0.0000000000000000E+00 1.0000000000000000E+00
1.0000000000000000E+00 1.0000000000000000E+00 1.0000000000000000E+00
2.0000000000000000E+00 1.0000000000000000E+00 1.0000000000000000E+00
1.0000000000000000E+00 0.0000000000000000E+00 2.0000000000000000E+00
2.0000000000000000E+00 0.0000000000000000E+00 2.0000000000000000E+00
0.0000000000000000E+00 1.0000000000000000E+00 2.0000000000000000E+00
1.0000000000000000E+00 1.0000000000000000E+00 2.0000000000000000E+00
2.0000000000000000E+00 1.0000000000000000E+00 2.0000000000000000E+00
0.0000000000000000E+00 0.0000000000000000E+00 0.0000000000000000E+00
1.0000000000000000E+00 0.0000000000000000E+00 0.0000000000000000E+00
2.0000000000000000E+00 0.0000000000000000E+00 0.0000000000000000E+00
0.0000000000000000E+00 1.0000000000000000E+00 0.0000000000000000E+00
1.0000000000000000E+00 1.0000000000000000E+00 0.0000000000000000E+00
2.0000000000000000E+00 1.0000000000000000E+00 0.0000000000000000E+00
0.0000000000000000E+00 0.0000000000000000E+00 1.0000000000000000E+00
0.0000000000000000E+00 1.0000000000000000E+00 1.0000000000000000E+00
0.0000000000000000E+00 0.0000000000000000E+00 2.0000000000000000E+00
3
1
0 9 
3 
11
11
11
1 2 3 4 5 6 7 8 9 10
11 
1 0
2 0
3 0
4 0
5 0
6 0
7 0
8 0
9 0
10 0
11 0
6 7 8 9 10 11 2 3 4 5
1 
341 341 341 341 341 341 351 351 351 351
361 
3
0 6 10 11 
341 351 361 
0 4 8 12 16 20 24 30 36 42
48 56 
1 2 3 5 2 3 5 6 3 5
6 8 2 4 3 6 4 3 6 8
4 8 6 9 11 12 14 1 2 3
12 15 14 2 4 3 16 17 18 1
3 5 17 7 18 3 8 5 10 11
14 13 16 1 3 17 
1 1 1 1 1 1 1 1 1 1
1 
0 1 2 3 4 5 6 7 8 9
10 11 
1 1 1 1 1 1 1 1 1 1
1 
11
1
0
2
1
0
0
2
1
1 
0 9 
10 11 12 13 14 15 16 17 18 
0 7 
1 2 3 4 5 7 8 
0 5 
7 8 9 10 11 
1
1 
0 
0 1 
1 
0 0 
0 1 
1.0000000000000000E+00 
1
1
2
2
M1
0 1 
0 2 
0 1 2 
4.0000000000000000E+03 2.9999999999999999E-01 
0.0000000000000000E+00 0.0000000000000000E+00 
0
0
7
ALL
XFIX
YFIX
ZFIX
XFIX2
YFIX2
ZFIX2
0 18 24 33 39 45 54 60 
10 11 12 13 14 15 16 1 2 17
3 4 18 5 6 7 8 9 10 13
16 17 18 7 10 11 12 16 1 2
18 5 6 10 11 12 13 14 15 12
15 2 4 6 9 13 14 15 17 3
4 7 8 9 18 5 6 7 8 9
2
ALL
PRESS
0 11 13 
11 7 8 9 10 1 2 3 4 5
6 8 1 
6
TOP
BOTTOM
RIGHT
LEFT
FRONT
BACK
0 3 6 9 12 17 22 
10 4
3 3
6 3
11 1
7 1
8 1
8 3
4 2
6 4
11 6
9 1
10 1
11 3
7 3
9 5
1 2
2 4
11 5
8 4
10 3
5 2
6 2
0
0
