!HECMW-DMD-ASCII version=3
0
0
1
1
3
../sample.msh
0
1
SAMPLE DATA
0.0000000000000000E+00
33
33
16
1 0
2 0
3 0
4 0
5 0
6 0
7 0
8 0
9 0
10 0
11 0
12 0
13 0
14 0
15 0
16 0
1 1
2 1
3 1
4 1
5 1
6 1
7 1
8 1
9 1
10 1
11 1
12 1
13 1
14 1
15 1
16 1
17 1
1002 1012 1022 1102 1111 1112 1122 1202 1212 1222
1113 1114 2111 2112 2113 2114 1000 1001 1010 1011
1020 1021 1100 1101 1110 1120 1121 1200 1201 1210
1211 1220 1221 
1.0000000000000000E+00 0.0000000000000000E+00 0.0000000000000000E+00
1.0000000000000000E+00 5.0000000000000000E-01 0.0000000000000000E+00
1.0000000000000000E+00 1.0000000000000000E+00 0.0000000000000000E+00
1.0000000000000000E+00 0.0000000000000000E+00 5.0000000000000000E-01
5.0000000000000000E-01 5.0000000000000000E-01 5.0000000000000000E-01
1.0000000000000000E+00 5.0000000000000000E-01 5.0000000000000000E-01
1.0000000000000000E+00 1.0000000000000000E+00 5.0000000000000000E-01
1.0000000000000000E+00 0.0000000000000000E+00 1.0000000000000000E+00
1.0000000000000000E+00 5.0000000000000000E-01 1.0000000000000000E+00
1.0000000000000000E+00 1.0000000000000000E+00 1.0000000000000000E+00
1.5000000000000000E+00 5.0000000000000000E-01 5.0000000000000000E-01
2.0000000000000000E+00 5.0000000000000000E-01 5.0000000000000000E-01
5.0000000000000000E-01 5.0000000000000000E-01 5.0000000000000000E-01
1.0000000000000000E+00 5.0000000000000000E-01 5.0000000000000000E-01
1.5000000000000000E+00 5.0000000000000000E-01 5.0000000000000000E-01
2.0000000000000000E+00 5.0000000000000000E-01 5.0000000000000000E-01
0.0000000000000000E+00 0.0000000000000000E+00 0.0000000000000000E+00
5.0000000000000000E-01 0.0000000000000000E+00 0.0000000000000000E+00
0.0000000000000000E+00 5.0000000000000000E-01 0.0000000000000000E+00
5.0000000000000000E-01 5.0000000000000000E-01 0.0000000000000000E+00
0.0000000000000000E+00 1.0000000000000000E+00 0.0000000000000000E+00
5.0000000000000000E-01 1.0000000000000000E+00 0.0000000000000000E+00
0.0000000000000000E+00 0.0000000000000000E+00 5.0000000000000000E-01
5.0000000000000000E-01 0.0000000000000000E+00 5.0000000000000000E-01
0.0000000000000000E+00 5.0000000000000000E-01 5.0000000000000000E-01
0.0000000000000000E+00 1.0000000000000000E+00 5.0000000000000000E-01
5.0000000000000000E-01 1.0000000000000000E+00 5.0000000000000000E-01
0.0000000000000000E+00 0.0000000000000000E+00 1.0000000000000000E+00
5.0000000000000000E-01 0.0000000000000000E+00 1.0000000000000000E+00
0.0000000000000000E+00 5.0000000000000000E-01 1.0000000000000000E+00
5.0000000000000000E-01 5.0000000000000000E-01 1.0000000000000000E+00
0.0000000000000000E+00 1.0000000000000000E+00 1.0000000000000000E+00
5.0000000000000000E-01 1.0000000000000000E+00 1.0000000000000000E+00
3
1
0 16 
3 
11
11
11
1 2 3 4 5 6 7 8 9 10
11 
1 0
2 0
3 0
4 0
5 0
6 0
7 0
8 0
9 0
10 0
11 0
1 2 3 4 5 6 7 8 9 10
11 
361 361 361 361 361 361 361 361 641 641
641 
2
0 8 11 
361 641 
0 8 16 24 32 40 48 56 64 68
72 76 
17 18 20 19 23 24 5 25 18 1
2 20 24 4 6 5 19 20 22 21
25 5 27 26 20 2 3 22 5 6
7 27 23 24 5 25 28 29 31 30
24 4 6 5 29 8 9 31 25 5
27 26 30 31 33 32 5 6 7 27
31 9 10 33 5 6 13 14 6 11
14 15 11 12 15 16 
1 1 1 1 1 1 1 1 2 2
2 
0 1 2 3 4 5 6 7 8 9
10 11 
1 1 1 1 1 1 1 1 2 2
2 
11
1
0
2
1
0
0
2
1
1 
0 17 
17 18 19 20 21 22 23 24 25 26
27 28 29 30 31 32 33 
0 10 
1 2 3 4 5 6 7 8 9 10
0 8 
1 2 3 4 5 6 7 8 
2
1 3 
0 0 
0 1 2 
1 2 
0 0 0 
0 1 8 
1.0000000000000000E+00 0.0000000000000000E+00 0.0000000000000000E+00 -1.0000000000000000E+00 1.9635000000000002E+01
3.0679600000000001E+01 3.0679600000000001E+01 6.1307600000000001E+01 
2
4
13
13
M1
M2
0 1 4 
0 2 11 12 13 
0 1 2 3 4 5 6 7 8 9
10 11 12 13 
2.0000000000000000E+05 2.9999999999999999E-01 2.0000000000000000E+05 2.9999999999999999E-01 2.5000000000000000E+00
0.0000000000000000E+00 4.5000000000000000E+01 9.0000000000000000E+01 1.3500000000000000E+02 1.8000000000000000E+02
9.0000000000000000E+01 1.0000000000000000E+00 1.0000000000000001E-05 
0.0000000000000000E+00 0.0000000000000000E+00 0.0000000000000000E+00 0.0000000000000000E+00 0.0000000000000000E+00
0.0000000000000000E+00 0.0000000000000000E+00 0.0000000000000000E+00 0.0000000000000000E+00 0.0000000000000000E+00
0.0000000000000000E+00 0.0000000000000000E+00 0.0000000000000000E+00 
0
0
8
ALL
XFIX
YFIX
ZFIX
XFIX2
YFIX2
ZFIX2
TIP
0 33 42 51 60 69 78 87 89 
17 18 1 19 20 2 21 22 3 23
24 4 25 5 6 11 12 26 27 7
28 29 8 30 31 9 32 33 10 13
14 15 16 17 19 21 23 25 26 28
30 32 17 18 1 23 24 4 28 29
8 17 18 1 19 20 2 21 22 3
1 2 3 4 6 7 8 9 10 21
22 3 26 27 7 32 33 10 28 29
8 30 31 9 32 33 10 11 15 
3
ALL
CUBE
BEAM33
0 11 19 22 
1 2 3 4 5 6 7 8 9 10
11 1 2 3 4 5 6 7 8 9
10 11 
6
TOP
BOTTOM
RIGHT
LEFT
FRONT
BACK
0 4 8 12 16 20 24 
5 2
6 2
7 2
8 2
1 1
2 1
3 1
4 1
2 4
4 4
6 4
8 4
1 6
3 6
5 6
7 6
1 3
2 3
5 3
6 3
3 5
4 5
7 5
8 5
0
0
