!HECMW-DMD-ASCII version=3
0
0
1
1
3
../sample.msh
0
1
TEST MODEL A731 and A741
0.0000000000000000E+00
7
7
4
1 0
2 0
3 0
4 0
1 1
2 1
4 1
1 2 101 201 3 102 202 
0.0000000000000000E+00 0.0000000000000000E+00 0.0000000000000000E+00
5.0000000000000000E-01 0.0000000000000000E+00 0.0000000000000000E+00
0.0000000000000000E+00 5.0000000000000000E-01 0.0000000000000000E+00
0.0000000000000000E+00 1.0000000000000000E+00 0.0000000000000000E+00
1.0000000000000000E+00 0.0000000000000000E+00 0.0000000000000000E+00
5.0000000000000000E-01 5.0000000000000000E-01 0.0000000000000000E+00
5.0000000000000000E-01 1.0000000000000000E+00 0.0000000000000000E+00
6
1
0 4 
6 
4
4
4
1 2 3 4 
1 0
2 0
3 0
4 0
1 2 3 101 
731 731 731 741 
2
0 3 4 
731 741 
0 3 6 9 13 
1 2 3 2 6 3 2 5 6 3
6 7 4 
1 1 1 1 
0 1 2 3 4 
1 1 1 1 
4
1
0
2
1
0
0
2
1
1 
0 3 
5 6 7 
0 3 
2 3 4 
0 3 
2 3 4 
1
2 
0 
0 1 
1 
0 1 
3 
0 1 
1.0000000000000000E+00 
1
1
2
2
M1
0 1 
0 2 
0 1 2 
4.0000000000000000E+03 2.9999999999999999E-01 
0.0000000000000000E+00 0.0000000000000000E+00 
0
0
2
ALL
FIX
0 7 10 
1 2 5 3 6 4 7 1 5 4
1
ALL
0 4 
1 2 3 4 
1
TOP
0 4 
1 1
2 1
3 1
4 1
0
0
