!HECMW-DMD-ASCII version=2
0
0
1
1
2
../B341.msh
0
1
TEST MODEL B341
0.0000000000000000E+00
42
42
33
1 0
2 0
3 0
4 0
5 0
6 0
7 0
8 0
9 0
10 0
11 0
12 0
13 0
14 0
15 0
16 0
17 0
18 0
19 0
20 0
21 0
22 0
23 0
24 0
25 0
26 0
27 0
28 0
29 0
30 0
31 0
32 0
33 0
4 2
8 2
12 2
16 2
19 2
23 2
26 2
30 2
33 2
1017 1019 1021 1117 1119 1121 1217 1219 1221 3015
3017 3019 3021 3115 3117 3119 3121 3217 3219 3221
5013 5015 5017 5019 5021 5115 5117 5119 5121 5215
5217 5219 5221 1015 1115 1215 3013 3113 3215 5011
5113 5213 
8.0000000000000000E+00 0.0000000000000000E+00 0.0000000000000000E+00
9.0000000000000000E+00 0.0000000000000000E+00 0.0000000000000000E+00
1.0000000000000000E+01 0.0000000000000000E+00 0.0000000000000000E+00
8.0000000000000000E+00 5.0000000000000000E-01 0.0000000000000000E+00
9.0000000000000000E+00 5.0000000000000000E-01 0.0000000000000000E+00
1.0000000000000000E+01 5.0000000000000000E-01 0.0000000000000000E+00
8.0000000000000000E+00 1.0000000000000000E+00 0.0000000000000000E+00
9.0000000000000000E+00 1.0000000000000000E+00 0.0000000000000000E+00
1.0000000000000000E+01 1.0000000000000000E+00 0.0000000000000000E+00
7.0000000000000000E+00 0.0000000000000000E+00 5.0000000000000000E-01
8.0000000000000000E+00 0.0000000000000000E+00 5.0000000000000000E-01
9.0000000000000000E+00 0.0000000000000000E+00 5.0000000000000000E-01
1.0000000000000000E+01 0.0000000000000000E+00 5.0000000000000000E-01
7.0000000000000000E+00 5.0000000000000000E-01 5.0000000000000000E-01
8.0000000000000000E+00 5.0000000000000000E-01 5.0000000000000000E-01
9.0000000000000000E+00 5.0000000000000000E-01 5.0000000000000000E-01
1.0000000000000000E+01 5.0000000000000000E-01 5.0000000000000000E-01
8.0000000000000000E+00 1.0000000000000000E+00 5.0000000000000000E-01
9.0000000000000000E+00 1.0000000000000000E+00 5.0000000000000000E-01
1.0000000000000000E+01 1.0000000000000000E+00 5.0000000000000000E-01
6.0000000000000000E+00 0.0000000000000000E+00 1.0000000000000000E+00
7.0000000000000000E+00 0.0000000000000000E+00 1.0000000000000000E+00
8.0000000000000000E+00 0.0000000000000000E+00 1.0000000000000000E+00
9.0000000000000000E+00 0.0000000000000000E+00 1.0000000000000000E+00
1.0000000000000000E+01 0.0000000000000000E+00 1.0000000000000000E+00
7.0000000000000000E+00 5.0000000000000000E-01 1.0000000000000000E+00
8.0000000000000000E+00 5.0000000000000000E-01 1.0000000000000000E+00
9.0000000000000000E+00 5.0000000000000000E-01 1.0000000000000000E+00
1.0000000000000000E+01 5.0000000000000000E-01 1.0000000000000000E+00
7.0000000000000000E+00 1.0000000000000000E+00 1.0000000000000000E+00
8.0000000000000000E+00 1.0000000000000000E+00 1.0000000000000000E+00
9.0000000000000000E+00 1.0000000000000000E+00 1.0000000000000000E+00
1.0000000000000000E+01 1.0000000000000000E+00 1.0000000000000000E+00
7.0000000000000000E+00 0.0000000000000000E+00 0.0000000000000000E+00
7.0000000000000000E+00 5.0000000000000000E-01 0.0000000000000000E+00
7.0000000000000000E+00 1.0000000000000000E+00 0.0000000000000000E+00
6.0000000000000000E+00 0.0000000000000000E+00 5.0000000000000000E-01
6.0000000000000000E+00 5.0000000000000000E-01 5.0000000000000000E-01
7.0000000000000000E+00 1.0000000000000000E+00 5.0000000000000000E-01
5.0000000000000000E+00 0.0000000000000000E+00 1.0000000000000000E+00
6.0000000000000000E+00 5.0000000000000000E-01 1.0000000000000000E+00
6.0000000000000000E+00 1.0000000000000000E+00 1.0000000000000000E+00
3
1
0 33 
3 
88
88
88
1 2 3 4 5 6 7 8 9 10
11 12 13 14 15 16 17 18 19 20
21 22 23 24 25 26 27 28 29 30
31 32 33 34 35 36 37 38 39 40
41 42 43 44 45 46 47 48 49 50
51 52 53 54 55 56 57 58 59 60
61 62 63 64 65 66 67 68 69 70
71 72 73 74 75 76 77 78 79 80
81 82 83 84 85 86 87 88 
1 0
2 0
3 0
4 0
5 0
6 0
7 0
8 0
9 0
10 0
11 0
12 0
13 0
14 0
15 0
16 0
17 0
18 0
19 0
20 0
21 0
22 0
23 0
24 0
25 0
26 0
27 0
28 0
29 0
30 0
31 0
32 0
33 0
34 0
35 0
36 0
37 0
38 0
39 0
40 0
41 0
42 0
43 0
44 0
45 0
46 0
47 0
48 0
49 0
50 0
51 0
52 0
53 0
54 0
55 0
56 0
57 0
58 0
59 0
60 0
61 0
62 0
63 0
64 0
65 0
66 0
67 0
68 0
69 0
70 0
71 0
72 0
73 0
74 0
75 0
76 0
77 0
78 0
79 0
80 0
81 0
82 0
83 0
84 0
85 0
86 0
87 0
88 0
40 41 42 43 44 45 46 47 48 49
50 51 52 53 54 55 56 57 58 59
60 101 103 104 105 106 107 108 109 110
111 112 113 114 115 116 117 118 119 120
155 157 158 159 160 161 162 163 164 165
166 167 168 169 170 171 172 173 174 175
176 177 178 179 180 217 219 220 221 222
223 224 225 226 227 228 229 230 231 232
233 234 235 236 237 238 239 240 
341 341 341 341 341 341 341 341 341 341
341 341 341 341 341 341 341 341 341 341
341 341 341 341 341 341 341 341 341 341
341 341 341 341 341 341 341 341 341 341
341 341 341 341 341 341 341 341 341 341
341 341 341 341 341 341 341 341 341 341
341 341 341 341 341 341 341 341 341 341
341 341 341 341 341 341 341 341 341 341
341 341 341 341 341 341 341 341 
1
0 88 
341 
0 4 8 12 16 20 24 28 32 36
40 44 48 52 56 60 64 68 72 76
80 84 88 92 96 100 104 108 112 116
120 124 128 132 136 140 144 148 152 156
160 164 168 172 176 180 184 188 192 196
200 204 208 212 216 220 224 228 232 236
240 244 248 252 256 260 264 268 272 276
280 284 288 292 296 300 304 308 312 316
320 324 328 332 336 340 344 348 352 
34 35 38 14 34 14 37 10 34 14
38 37 34 1 4 14 34 4 35 14
34 1 14 10 1 4 14 15 1 15
10 11 1 15 14 10 1 2 5 15
1 5 4 15 1 2 15 11 2 5
15 16 2 16 11 12 2 16 15 11
2 3 6 16 2 6 5 16 2 3
16 12 3 6 16 17 3 17 12 13
3 17 16 12 35 39 38 14 35 4
7 39 35 7 36 39 35 4 39 14
4 7 39 18 4 18 14 15 4 18
39 14 4 5 8 18 4 8 7 18
4 5 18 15 5 8 18 19 5 19
15 16 5 19 18 15 5 6 9 19
5 9 8 19 5 6 19 16 6 9
19 20 6 20 16 17 6 20 19 16
37 41 40 21 37 10 14 41 37 14
38 41 37 10 41 21 10 14 41 26
10 26 21 22 10 26 41 21 10 11
15 26 10 15 14 26 10 11 26 22
11 15 26 27 11 27 22 23 11 27
26 22 11 12 16 27 11 16 15 27
11 12 27 23 12 16 27 28 12 28
23 24 12 28 27 23 12 13 17 28
12 17 16 28 12 13 28 24 13 17
28 29 13 29 24 25 13 29 28 24
38 14 39 42 38 14 42 41 14 39
42 30 14 30 41 26 14 30 42 41
14 15 18 30 14 18 39 30 14 15
30 26 15 18 30 31 15 31 26 27
15 31 30 26 15 16 19 31 15 19
18 31 15 16 31 27 16 19 31 32
16 32 27 28 16 32 31 27 16 17
20 32 16 20 19 32 16 17 32 28
17 20 32 33 17 33 28 29 17 33
32 28 
1 1 1 1 1 1 1 1 1 1
1 1 1 1 1 1 1 1 1 1
1 1 1 1 1 1 1 1 1 1
1 1 1 1 1 1 1 1 1 1
1 1 1 1 1 1 1 1 1 1
1 1 1 1 1 1 1 1 1 1
1 1 1 1 1 1 1 1 1 1
1 1 1 1 1 1 1 1 1 1
1 1 1 1 1 1 1 1 
0 1 2 3 4 5 6 7 8 9
10 11 12 13 14 15 16 17 18 19
20 21 22 23 24 25 26 27 28 29
30 31 32 33 34 35 36 37 38 39
40 41 42 43 44 45 46 47 48 49
50 51 52 53 54 55 56 57 58 59
60 61 62 63 64 65 66 67 68 69
70 71 72 73 74 75 76 77 78 79
80 81 82 83 84 85 86 87 88 
1 1 1 1 1 1 1 1 1 1
1 1 1 1 1 1 1 1 1 1
1 1 1 1 1 1 1 1 1 1
1 1 1 1 1 1 1 1 1 1
1 1 1 1 1 1 1 1 1 1
1 1 1 1 1 1 1 1 1 1
1 1 1 1 1 1 1 1 1 1
1 1 1 1 1 1 1 1 1 1
1 1 1 1 1 1 1 1 
88
1
0
3
1
0
0
3
1
2 
0 9 
34 35 36 37 38 39 40 41 42 
0 9 
1 4 7 10 14 18 21 26 30 
0 24 
1 2 3 4 5 6 22 23 24 25
26 28 41 42 43 44 45 47 66 67
68 69 70 72 
1
1 
0 
0 1 
1 
0 0 
0 1 
1.0000000000000000E+00 
1
1
2
2
M1
0 1 
0 2 
0 1 2 
4.0000000000000000E+03 2.9999999999999999E-01 
0.0000000000000000E+00 0.0000000000000000E+00 
0
0
2
ALL
FIX
0 42 42 
34 1 2 3 35 4 5 6 36 7
8 9 37 10 11 12 13 38 14 15
16 17 39 18 19 20 40 21 22 23
24 25 41 26 27 28 29 42 30 31
32 33 
2
ALL
B340P3
0 88 105 
1 2 3 4 5 6 7 8 9 10
11 12 13 14 15 16 17 18 19 20
21 22 23 24 25 26 27 28 29 30
31 32 33 34 35 36 37 38 39 40
41 42 43 44 45 46 47 48 49 50
51 52 53 54 55 56 57 58 59 60
61 62 63 64 65 66 67 68 69 70
71 72 73 74 75 76 77 78 79 80
81 82 83 84 85 86 87 88 41 46
47 52 53 58 59 64 65 69 70 75
76 81 82 87 88 
1
B340P
0 17 
41 3
46 3
47 3
52 3
53 3
58 3
59 3
64 3
65 3
69 3
70 3
75 3
76 3
81 3
82 3
87 3
88 3
0
