!HECMW-DMD-ASCII version=3
0
0
1
1
3
../sample.msh
0
1
TEST MODEL A731 and A741
0.0000000000000000E+00
6
6
3
1 0
2 0
3 0
3 1
2 2
3 2
201 202 203 101 102 103 
0.0000000000000000E+00 1.0000000000000000E+00 0.0000000000000000E+00
5.0000000000000000E-01 1.0000000000000000E+00 0.0000000000000000E+00
1.0000000000000000E+00 1.0000000000000000E+00 0.0000000000000000E+00
0.0000000000000000E+00 5.0000000000000000E-01 0.0000000000000000E+00
5.0000000000000000E-01 5.0000000000000000E-01 0.0000000000000000E+00
1.0000000000000000E+00 5.0000000000000000E-01 0.0000000000000000E+00
6
1
0 3 
6 
2
2
2
1 2 
1 0
2 0
101 102 
741 741 
2
0 0 2 
731 741 
0 4 8 
4 5 2 1 5 6 3 2 
1 1 
0 1 2 
1 1 
2
1
0
3
1
0
0
3
2
1 2 
0 1 3 
4 5 6 
0 2 5 
1 2 1 2 3 
0 1 3 
1 1 2 
1
2 
0 
0 1 
1 
0 1 
3 
0 1 
1.0000000000000000E+00 
1
1
2
2
M1
0 1 
0 2 
0 1 2 
4.0000000000000000E+03 2.9999999999999999E-01 
0.0000000000000000E+00 0.0000000000000000E+00 
0
0
2
ALL
FIX
0 6 8 
4 5 6 1 2 3 1 3 
1
ALL
0 2 
1 2 
1
TOP
0 2 
1 1
2 1
0
0
