!HECMW-DMD-ASCII version=3
0
0
1
1
3
../sample.msh
0
1
SAMPLE DATA
0.0000000000000000E+00
13
13
6
1 0
2 0
3 0
4 0
5 0
6 0
1 1
2 1
3 1
4 1
5 1
6 1
7 1
1001 1002 1003 1004 1007 1008 1005 1006 1009 1010
1011 1012 1013 
0.0000000000000000E+00 0.0000000000000000E+00 0.0000000000000000E+00
1.0000000000000000E+00 0.0000000000000000E+00 0.0000000000000000E+00
0.0000000000000000E+00 1.0000000000000000E+00 0.0000000000000000E+00
1.0000000000000000E+00 1.0000000000000000E+00 0.0000000000000000E+00
0.0000000000000000E+00 1.0000000000000000E+00 1.0000000000000000E+00
1.0000000000000000E+00 1.0000000000000000E+00 1.0000000000000000E+00
0.0000000000000000E+00 0.0000000000000000E+00 1.0000000000000000E+00
1.0000000000000000E+00 0.0000000000000000E+00 1.0000000000000000E+00
0.0000000000000000E+00 0.0000000000000000E+00 2.0000000000000000E+00
1.0000000000000000E+00 0.0000000000000000E+00 2.0000000000000000E+00
0.0000000000000000E+00 1.0000000000000000E+00 2.0000000000000000E+00
1.0000000000000000E+00 1.0000000000000000E+00 2.0000000000000000E+00
5.0000000000000000E-01 5.0000000000000000E-01 2.0000000000000000E+00
3
1
0 6 
3 
5
5
5
1 2 3 4 5 
1 0
2 0
3 0
4 0
5 0
1 2 4 5 6 
361 371 371 371 371 
2
0 1 5 
361 371 
0 8 13 18 23 28 
1 2 4 3 7 8 6 5 7 8
6 5 13 7 5 11 9 13 5 6
12 11 13 6 8 10 12 13 
1 1 1 1 1 
0 1 2 3 4 5 
1 1 1 1 1 
5
1
0
2
1
0
0
2
1
1 
0 7 
7 8 9 10 11 12 13 
0 6 
1 2 3 4 5 6 
0 5 
1 2 3 4 5 
1
1 
0 
0 1 
1 
0 0 
0 1 
1.0000000000000000E+00 
1
1
2
2
M1
0 1 
0 2 
0 1 2 
4.0000000000000000E+03 2.9999999999999999E-01 
0.0000000000000000E+00 0.0000000000000000E+00 
0
0
7
ALL
XFIX
YFIX
ZFIX
XFIX2
YFIX2
ZFIX2
0 13 17 21 25 29 33 37 
1 2 3 4 7 8 5 6 9 10
11 12 13 1 3 7 5 1 2 7
8 1 2 3 4 2 4 8 6 3
4 5 6 7 8 5 6 
2
ALL
PRESS
0 5 6 
1 2 3 4 5 5 
6
TOP
BOTTOM
RIGHT
LEFT
FRONT
BACK
0 3 4 6 8 9 11 
3 4
4 4
5 4
1 1
1 4
5 5
1 6
3 5
1 3
1 5
4 5
0
0
