 hecmw_tuning_reorder
 hecMESH%n_node          99
 hecMESH%n_node_gross          99
 hecMESH%nn_middle           0
 hecMESH%nn_internal          99
 hecMESH%n_dof                         3
 hecMESH%n_dof_grp                     1
 hecMESH%n_dof_tot                     0
 hecMESH%node internal
       1  0.0000  0.0000  0.0000
       2  1.0000  0.0000  0.0000
       3  2.0000  0.0000  0.0000
       4  3.0000  0.0000  0.0000
       5  4.0000  0.0000  0.0000
       6  5.0000  0.0000  0.0000
       7  0.0000  0.5000  0.0000
       8  1.0000  0.5000  0.0000
       9  2.0000  0.5000  0.0000
      10  3.0000  0.5000  0.0000
      11  4.0000  0.5000  0.0000
      12  5.0000  0.5000  0.0000
      13  0.0000  0.0000  0.5000
      14  1.0000  0.0000  0.5000
      15  2.0000  0.0000  0.5000
      16  3.0000  0.0000  0.5000
      17  4.0000  0.0000  0.5000
      18  5.0000  0.0000  0.5000
      19  0.0000  0.5000  0.5000
      20  1.0000  0.5000  0.5000
      21  2.0000  0.5000  0.5000
      22  3.0000  0.5000  0.5000
      23  4.0000  0.5000  0.5000
      24  5.0000  0.5000  0.5000
      25  6.0000  0.0000  0.0000
      26  7.0000  0.0000  0.0000
      27  8.0000  0.0000  0.0000
      28  9.0000  0.0000  0.0000
      29 10.0000  0.0000  0.0000
      30  6.0000  0.5000  0.0000
      31  7.0000  0.5000  0.0000
      32  8.0000  0.5000  0.0000
      33  9.0000  0.5000  0.0000
      34 10.0000  0.5000  0.0000
      35  6.0000  0.0000  0.5000
      36  7.0000  0.0000  0.5000
      37  8.0000  0.0000  0.5000
      38  9.0000  0.0000  0.5000
      39 10.0000  0.0000  0.5000
      40  6.0000  0.5000  0.5000
      41  7.0000  0.5000  0.5000
      42  8.0000  0.5000  0.5000
      43  9.0000  0.5000  0.5000
      44 10.0000  0.5000  0.5000
      45  0.0000  1.0000  0.0000
      46  1.0000  1.0000  0.0000
      47  2.0000  1.0000  0.0000
      48  3.0000  1.0000  0.0000
      49  4.0000  1.0000  0.0000
      50  5.0000  1.0000  0.0000
      51  0.0000  1.0000  0.5000
      52  1.0000  1.0000  0.5000
      53  2.0000  1.0000  0.5000
      54  3.0000  1.0000  0.5000
      55  4.0000  1.0000  0.5000
      56  5.0000  1.0000  0.5000
      57  6.0000  1.0000  0.0000
      58  7.0000  1.0000  0.0000
      59  8.0000  1.0000  0.0000
      60  9.0000  1.0000  0.0000
      61 10.0000  1.0000  0.0000
      62  6.0000  1.0000  0.5000
      63  7.0000  1.0000  0.5000
      64  8.0000  1.0000  0.5000
      65  9.0000  1.0000  0.5000
      66 10.0000  1.0000  0.5000
      67  0.0000  0.0000  1.0000
      68  1.0000  0.0000  1.0000
      69  2.0000  0.0000  1.0000
      70  3.0000  0.0000  1.0000
      71  4.0000  0.0000  1.0000
      72  5.0000  0.0000  1.0000
      73  0.0000  0.5000  1.0000
      74  1.0000  0.5000  1.0000
      75  2.0000  0.5000  1.0000
      76  3.0000  0.5000  1.0000
      77  4.0000  0.5000  1.0000
      78  5.0000  0.5000  1.0000
      79  6.0000  0.0000  1.0000
      80  7.0000  0.0000  1.0000
      81  8.0000  0.0000  1.0000
      82  9.0000  0.0000  1.0000
      83 10.0000  0.0000  1.0000
      84  6.0000  0.5000  1.0000
      85  7.0000  0.5000  1.0000
      86  8.0000  0.5000  1.0000
      87  9.0000  0.5000  1.0000
      88 10.0000  0.5000  1.0000
      89  0.0000  1.0000  1.0000
      90  1.0000  1.0000  1.0000
      91  2.0000  1.0000  1.0000
      92  3.0000  1.0000  1.0000
      93  4.0000  1.0000  1.0000
      94  5.0000  1.0000  1.0000
      95  6.0000  1.0000  1.0000
      96  7.0000  1.0000  1.0000
      97  8.0000  1.0000  1.0000
      98  9.0000  1.0000  1.0000
      99 10.0000  1.0000  1.0000
 hecMESH%node external
 hecMESH%node_ID                       1           0           2           0
           3           0           4           0           5           0
           6           0           7           0           8           0
           9           0          10           0          11           0
          12           0          13           0          14           0
          15           0          16           0          17           0
          18           0          19           0          20           0
          21           0          22           0          23           0
          24           0          25           0          26           0
          27           0          28           0          29           0
          30           0          31           0          32           0
          33           0          34           0          35           0
          36           0          37           0          38           0
          39           0          40           0          41           0
          42           0          43           0          44           0
          45           0          46           0          47           0
          48           0          49           0          50           0
          51           0          52           0          53           0
          54           0          55           0          56           0
          57           0          58           0          59           0
          60           0          61           0          62           0
          63           0          64           0          65           0
          66           0          67           0          68           0
          69           0          70           0          71           0
          72           0          73           0          74           0
          75           0          76           0          77           0
          78           0          79           0          80           0
          81           0          82           0          83           0
          84           0          85           0          86           0
          87           0          88           0          89           0
          90           0          91           0          92           0
          93           0          94           0          95           0
          96           0          97           0          98           0
          99           0
 hecMESH%global_node_ID     
           1        1001
           2        1003
           3        1005
           4        1007
           5        1009
           6        1011
           7        1101
           8        1103
           9        1105
          10        1107
          11        1109
          12        1111
          13        3001
          14        3003
          15        3005
          16        3007
          17        3009
          18        3011
          19        3101
          20        3103
          21        3105
          22        3107
          23        3109
          24        3111
          25        1013
          26        1015
          27        1017
          28        1019
          29        1021
          30        1113
          31        1115
          32        1117
          33        1119
          34        1121
          35        3013
          36        3015
          37        3017
          38        3019
          39        3021
          40        3113
          41        3115
          42        3117
          43        3119
          44        3121
          45        1201
          46        1203
          47        1205
          48        1207
          49        1209
          50        1211
          51        3201
          52        3203
          53        3205
          54        3207
          55        3209
          56        3211
          57        1213
          58        1215
          59        1217
          60        1219
          61        1221
          62        3213
          63        3215
          64        3217
          65        3219
          66        3221
          67        5001
          68        5003
          69        5005
          70        5007
          71        5009
          72        5011
          73        5101
          74        5103
          75        5105
          76        5107
          77        5109
          78        5111
          79        5013
          80        5015
          81        5017
          82        5019
          83        5021
          84        5113
          85        5115
          86        5117
          87        5119
          88        5121
          89        5201
          90        5203
          91        5205
          92        5207
          93        5209
          94        5211
          95        5213
          96        5215
          97        5217
          98        5219
          99        5221
 hecMESH%n_elem                      240
 hecMESH%n_elem_gross                240
 hecMESH%ne_internal                 240
 hecMESH%n_elem_type                   1
 hecMESH%n_elem_mat_ID               240
 hecMESH%elem_type_index               0         240
 hecMESH%elem_type_item              341
 hecMESH%elem_type                   341         341         341         341
         341         341         341         341         341         341
         341         341         341         341         341         341
         341         341         341         341         341         341
         341         341         341         341         341         341
         341         341         341         341         341         341
         341         341         341         341         341         341
         341         341         341         341         341         341
         341         341         341         341         341         341
         341         341         341         341         341         341
         341         341         341         341         341         341
         341         341         341         341         341         341
         341         341         341         341         341         341
         341         341         341         341         341         341
         341         341         341         341         341         341
         341         341         341         341         341         341
         341         341         341         341         341         341
         341         341         341         341         341         341
         341         341         341         341         341         341
         341         341         341         341         341         341
         341         341         341         341         341         341
         341         341         341         341         341         341
         341         341         341         341         341         341
         341         341         341         341         341         341
         341         341         341         341         341         341
         341         341         341         341         341         341
         341         341         341         341         341         341
         341         341         341         341         341         341
         341         341         341         341         341         341
         341         341         341         341         341         341
         341         341         341         341         341         341
         341         341         341         341         341         341
         341         341         341         341         341         341
         341         341         341         341         341         341
         341         341         341         341         341         341
         341         341         341         341         341         341
         341         341         341         341         341         341
         341         341         341         341         341         341
         341         341         341         341         341         341
         341         341         341         341         341         341
         341         341
 hecMESH%section_ID                    1           1           1           1
           1           1           1           1           1           1
           1           1           1           1           1           1
           1           1           1           1           1           1
           1           1           1           1           1           1
           1           1           1           1           1           1
           1           1           1           1           1           1
           1           1           1           1           1           1
           1           1           1           1           1           1
           1           1           1           1           1           1
           1           1           1           1           1           1
           1           1           1           1           1           1
           1           1           1           1           1           1
           1           1           1           1           1           1
           1           1           1           1           1           1
           1           1           1           1           1           1
           1           1           1           1           1           1
           1           1           1           1           1           1
           1           1           1           1           1           1
           1           1           1           1           1           1
           1           1           1           1           1           1
           1           1           1           1           1           1
           1           1           1           1           1           1
           1           1           1           1           1           1
           1           1           1           1           1           1
           1           1           1           1           1           1
           1           1           1           1           1           1
           1           1           1           1           1           1
           1           1           1           1           1           1
           1           1           1           1           1           1
           1           1           1           1           1           1
           1           1           1           1           1           1
           1           1           1           1           1           1
           1           1           1           1           1           1
           1           1           1           1           1           1
           1           1           1           1           1           1
           1           1           1           1           1           1
           1           1           1           1           1           1
           1           1           1           1           1           1
           1           1           1           1           1           1
           1           1
 hecMESH%elem_mat_ID_index             0           1           2           3
           4           5           6           7           8           9
          10          11          12          13          14          15
          16          17          18          19          20          21
          22          23          24          25          26          27
          28          29          30          31          32          33
          34          35          36          37          38          39
          40          41          42          43          44          45
          46          47          48          49          50          51
          52          53          54          55          56          57
          58          59          60          61          62          63
          64          65          66          67          68          69
          70          71          72          73          74          75
          76          77          78          79          80          81
          82          83          84          85          86          87
          88          89          90          91          92          93
          94          95          96          97          98          99
         100         101         102         103         104         105
         106         107         108         109         110         111
         112         113         114         115         116         117
         118         119         120         121         122         123
         124         125         126         127         128         129
         130         131         132         133         134         135
         136         137         138         139         140         141
         142         143         144         145         146         147
         148         149         150         151         152         153
         154         155         156         157         158         159
         160         161         162         163         164         165
         166         167         168         169         170         171
         172         173         174         175         176         177
         178         179         180         181         182         183
         184         185         186         187         188         189
         190         191         192         193         194         195
         196         197         198         199         200         201
         202         203         204         205         206         207
         208         209         210         211         212         213
         214         215         216         217         218         219
         220         221         222         223         224         225
         226         227         228         229         230         231
         232         233         234         235         236         237
         238         239         240
 hecMESH%elem_mat_ID_item              1           1           1           1
           1           1           1           1           1           1
           1           1           1           1           1           1
           1           1           1           1           1           1
           1           1           1           1           1           1
           1           1           1           1           1           1
           1           1           1           1           1           1
           1           1           1           1           1           1
           1           1           1           1           1           1
           1           1           1           1           1           1
           1           1           1           1           1           1
           1           1           1           1           1           1
           1           1           1           1           1           1
           1           1           1           1           1           1
           1           1           1           1           1           1
           1           1           1           1           1           1
           1           1           1           1           1           1
           1           1           1           1           1           1
           1           1           1           1           1           1
           1           1           1           1           1           1
           1           1           1           1           1           1
           1           1           1           1           1           1
           1           1           1           1           1           1
           1           1           1           1           1           1
           1           1           1           1           1           1
           1           1           1           1           1           1
           1           1           1           1           1           1
           1           1           1           1           1           1
           1           1           1           1           1           1
           1           1           1           1           1           1
           1           1           1           1           1           1
           1           1           1           1           1           1
           1           1           1           1           1           1
           1           1           1           1           1           1
           1           1           1           1           1           1
           1           1           1           1           1           1
           1           1           1           1           1           1
           1           1           1           1           1           1
           1           1           1           1           1           1
           1           1           1           1           1           1
           1           1
 hecMESH%elem_node_index               0           4           8          12
          16          20          24          28          32          36
          40          44          48          52          56          60
          64          68          72          76          80          84
          88          92          96         100         104         108
         112         116         120         124         128         132
         136         140         144         148         152         156
         160         164         168         172         176         180
         184         188         192         196         200         204
         208         212         216         220         224         228
         232         236         240         244         248         252
         256         260         264         268         272         276
         280         284         288         292         296         300
         304         308         312         316         320         324
         328         332         336         340         344         348
         352         356         360         364         368         372
         376         380         384         388         392         396
         400         404         408         412         416         420
         424         428         432         436         440         444
         448         452         456         460         464         468
         472         476         480         484         488         492
         496         500         504         508         512         516
         520         524         528         532         536         540
         544         548         552         556         560         564
         568         572         576         580         584         588
         592         596         600         604         608         612
         616         620         624         628         632         636
         640         644         648         652         656         660
         664         668         672         676         680         684
         688         692         696         700         704         708
         712         716         720         724         728         732
         736         740         744         748         752         756
         760         764         768         772         776         780
         784         788         792         796         800         804
         808         812         816         820         824         828
         832         836         840         844         848         852
         856         860         864         868         872         876
         880         884         888         892         896         900
         904         908         912         916         920         924
         928         932         936         940         944         948
         952         956         960
 hecMESH%elem_node_item                1           2           8          19
           1           8           7          19           1           2
          19          13           2           8          19          20
           2          20          13          14           2          20
          19          13           2           3           9          20
           2           9           8          20           2           3
          20          14           3           9          20          21
           3          21          14          15           3          21
          20          14           3           4          10          21
           3          10           9          21           3           4
          21          15           4          10          21          22
           4          22          15          16           4          22
          21          15           4           5          11          22
           4          11          10          22           4           5
          22          16           5          11          22          23
           5          23          16          17           5          23
          22          16           5           6          12          23
           5          12          11          23           5           6
          23          17           6          12          23          24
           6          24          17          18           6          24
          23          17           6          25          30          24
           6          30          12          24           6          25
          24          18          25          30          24          40
          25          40          18          35          25          40
          24          18          25          26          31          40
          25          31          30          40          25          26
          40          35          26          31          40          41
          26          41          35          36          26          41
          40          35          26          27          32          41
          26          32          31          41          26          27
          41          36          27          32          41          42
          27          42          36          37          27          42
          41          36          27          28          33          42
          27          33          32          42          27          28
          42          37          28          33          42          43
          28          43          37          38          28          43
          42          37          28          29          34          43
          28          34          33          43          28          29
          43          38          29          34          43          44
          29          44          38          39          29          44
          43          38           7           8          46          51
           7          46          45          51           7           8
          51          19           8          46          51          52
           8          52          19          20           8          52
          51          19           8           9          47          52
           8          47          46          52           8           9
          52          20           9          47          52          53
           9          53          20          21           9          53
          52          20           9          10          48          53
           9          48          47          53           9          10
          53          21          10          48          53          54
          10          54          21          22          10          54
          53          21          10          11          49          54
          10          49          48          54          10          11
          54          22          11          49          54          55
          11          55          22          23          11          55
          54          22          11          12          50          55
          11          50          49          55          11          12
          55          23          12          50          55          56
          12          56          23          24          12          56
          55          23          12          30          57          56
          12          57          50          56          12          30
          56          24          30          57          56          62
          30          62          24          40          30          62
          56          24          30          31          58          62
          30          58          57          62          30          31
          62          40          31          58          62          63
          31          63          40          41          31          63
          62          40          31          32          59          63
          31          59          58          63          31          32
          63          41          32          59          63          64
          32          64          41          42          32          64
          63          41          32          33          60          64
          32          60          59          64          32          33
          64          42          33          60          64          65
          33          65          42          43          33          65
          64          42          33          34          61          65
          33          61          60          65          33          34
          65          43          34          61          65          66
          34          66          43          44          34          66
          65          43          13          14          20          73
          13          20          19          73          13          14
          73          67          14          20          73          74
          14          74          67          68          14          74
          73          67          14          15          21          74
          14          21          20          74          14          15
          74          68          15          21          74          75
          15          75          68          69          15          75
          74          68          15          16          22          75
          15          22          21          75          15          16
          75          69          16          22          75          76
          16          76          69          70          16          76
          75          69          16          17          23          76
          16          23          22          76          16          17
          76          70          17          23          76          77
          17          77          70          71          17          77
          76          70          17          18          24          77
          17          24          23          77          17          18
          77          71          18          24          77          78
          18          78          71          72          18          78
          77          71          18          35          40          78
          18          40          24          78          18          35
          78          72          35          40          78          84
          35          84          72          79          35          84
          78          72          35          36          41          84
          35          41          40          84          35          36
          84          79          36          41          84          85
          36          85          79          80          36          85
          84          79          36          37          42          85
          36          42          41          85          36          37
          85          80          37          42          85          86
          37          86          80          81          37          86
          85          80          37          38          43          86
          37          43          42          86          37          38
          86          81          38          43          86          87
          38          87          81          82          38          87
          86          81          38          39          44          87
          38          44          43          87          38          39
          87          82          39          44          87          88
          39          88          82          83          39          88
          87          82          19          20          52          89
          19          52          51          89          19          20
          89          73          20          52          89          90
          20          90          73          74          20          90
          89          73          20          21          53          90
          20          53          52          90          20          21
          90          74          21          53          90          91
          21          91          74          75          21          91
          90          74          21          22          54          91
          21          54          53          91          21          22
          91          75          22          54          91          92
          22          92          75          76          22          92
          91          75          22          23          55          92
          22          55          54          92          22          23
          92          76          23          55          92          93
          23          93          76          77          23          93
          92          76          23          24          56          93
          23          56          55          93          23          24
          93          77          24          56          93          94
          24          94          77          78          24          94
          93          77          24          40          62          94
          24          62          56          94          24          40
          94          78          40          62          94          95
          40          95          78          84          40          95
          94          78          40          41          63          95
          40          63          62          95          40          41
          95          84          41          63          95          96
          41          96          84          85          41          96
          95          84          41          42          64          96
          41          64          63          96          41          42
          96          85          42          64          96          97
          42          97          85          86          42          97
          96          85          42          43          65          97
          42          65          64          97          42          43
          97          86          43          65          97          98
          43          98          86          87          43          98
          97          86          43          44          66          98
          43          66          65          98          43          44
          98          87          44          66          98          99
          44          99          87          88          44          99
          98          87
 hecMESH%elem_ID                       1           0           2           0
           3           0           4           0           5           0
           6           0           7           0           8           0
           9           0          10           0          11           0
          12           0          13           0          14           0
          15           0          16           0          17           0
          18           0          19           0          20           0
          21           0          22           0          23           0
          24           0          25           0          26           0
          27           0          28           0          29           0
          30           0          31           0          32           0
          33           0          34           0          35           0
          36           0          37           0          38           0
          39           0          40           0          41           0
          42           0          43           0          44           0
          45           0          46           0          47           0
          48           0          49           0          50           0
          51           0          52           0          53           0
          54           0          55           0          56           0
          57           0          58           0          59           0
          60           0          61           0          62           0
          63           0          64           0          65           0
          66           0          67           0          68           0
          69           0          70           0          71           0
          72           0          73           0          74           0
          75           0          76           0          77           0
          78           0          79           0          80           0
          81           0          82           0          83           0
          84           0          85           0          86           0
          87           0          88           0          89           0
          90           0          91           0          92           0
          93           0          94           0          95           0
          96           0          97           0          98           0
          99           0         100           0         101           0
         102           0         103           0         104           0
         105           0         106           0         107           0
         108           0         109           0         110           0
         111           0         112           0         113           0
         114           0         115           0         116           0
         117           0         118           0         119           0
         120           0         121           0         122           0
         123           0         124           0         125           0
         126           0         127           0         128           0
         129           0         130           0         131           0
         132           0         133           0         134           0
         135           0         136           0         137           0
         138           0         139           0         140           0
         141           0         142           0         143           0
         144           0         145           0         146           0
         147           0         148           0         149           0
         150           0         151           0         152           0
         153           0         154           0         155           0
         156           0         157           0         158           0
         159           0         160           0         161           0
         162           0         163           0         164           0
         165           0         166           0         167           0
         168           0         169           0         170           0
         171           0         172           0         173           0
         174           0         175           0         176           0
         177           0         178           0         179           0
         180           0         181           0         182           0
         183           0         184           0         185           0
         186           0         187           0         188           0
         189           0         190           0         191           0
         192           0         193           0         194           0
         195           0         196           0         197           0
         198           0         199           0         200           0
         201           0         202           0         203           0
         204           0         205           0         206           0
         207           0         208           0         209           0
         210           0         211           0         212           0
         213           0         214           0         215           0
         216           0         217           0         218           0
         219           0         220           0         221           0
         222           0         223           0         224           0
         225           0         226           0         227           0
         228           0         229           0         230           0
         231           0         232           0         233           0
         234           0         235           0         236           0
         237           0         238           0         239           0
         240           0
 hecMESH%global_elem_ID                1           2           3           4
           5           6           7           8           9          10
          11          12          13          14          15          16
          17          18          19          20          21          22
          23          24          25          26          27          28
          29          30          31          32          33          34
          35          36          37          38          39          40
          41          42          43          44          45          46
          47          48          49          50          51          52
          53          54          55          56          57          58
          59          60          61          62          63          64
          65          66          67          68          69          70
          71          72          73          74          75          76
          77          78          79          80          81          82
          83          84          85          86          87          88
          89          90          91          92          93          94
          95          96          97          98          99         100
         101         102         103         104         105         106
         107         108         109         110         111         112
         113         114         115         116         117         118
         119         120         121         122         123         124
         125         126         127         128         129         130
         131         132         133         134         135         136
         137         138         139         140         141         142
         143         144         145         146         147         148
         149         150         151         152         153         154
         155         156         157         158         159         160
         161         162         163         164         165         166
         167         168         169         170         171         172
         173         174         175         176         177         178
         179         180         181         182         183         184
         185         186         187         188         189         190
         191         192         193         194         195         196
         197         198         199         200         201         202
         203         204         205         206         207         208
         209         210         211         212         213         214
         215         216         217         218         219         220
         221         222         223         224         225         226
         227         228         229         230         231         232
         233         234         235         236         237         238
         239         240
 hecMESH%elem_internal_list            1           2           3           4
           5           6           7           8           9          10
          11          12          13          14          15          16
          17          18          19          20          21          22
          23          24          25          26          27          28
          29          30          31          32          33          34
          35          36          37          38          39          40
          41          42          43          44          45          46
          47          48          49          50          51          52
          53          54          55          56          57          58
          59          60          61          62          63          64
          65          66          67          68          69          70
          71          72          73          74          75          76
          77          78          79          80          81          82
          83          84          85          86          87          88
          89          90          91          92          93          94
          95          96          97          98          99         100
         101         102         103         104         105         106
         107         108         109         110         111         112
         113         114         115         116         117         118
         119         120         121         122         123         124
         125         126         127         128         129         130
         131         132         133         134         135         136
         137         138         139         140         141         142
         143         144         145         146         147         148
         149         150         151         152         153         154
         155         156         157         158         159         160
         161         162         163         164         165         166
         167         168         169         170         171         172
         173         174         175         176         177         178
         179         180         181         182         183         184
         185         186         187         188         189         190
         191         192         193         194         195         196
         197         198         199         200         201         202
         203         204         205         206         207         208
         209         210         211         212         213         214
         215         216         217         218         219         220
         221         222         223         224         225         226
         227         228         229         230         231         232
         233         234         235         236         237         238
         239         240
 hecMESH%tuning_block_reorder_on  T
 hecMESH%tuning_block_reorder_done  F
 hecMESH%tuning_block_reorder_old2new 
       1       1
       2       2
       3       3
       4       4
       5       5
       6       6
       7      25
       8      26
       9      27
      10      28
      11      29
      12       7
      13       8
      14       9
      15      10
      16      11
      17      12
      18      30
      19      31
      20      32
      21      33
      22      34
      23      45
      24      46
      25      47
      26      48
      27      49
      28      50
      29      57
      30      58
      31      59
      32      60
      33      61
      34      13
      35      14
      36      15
      37      16
      38      17
      39      18
      40      35
      41      36
      42      37
      43      38
      44      39
      45      19
      46      20
      47      21
      48      22
      49      23
      50      24
      51      40
      52      41
      53      42
      54      43
      55      44
      56      51
      57      52
      58      53
      59      54
      60      55
      61      56
      62      62
      63      63
      64      64
      65      65
      66      66
      67      67
      68      68
      69      69
      70      70
      71      71
      72      72
      73      79
      74      80
      75      81
      76      82
      77      83
      78      73
      79      74
      80      75
      81      76
      82      77
      83      78
      84      84
      85      85
      86      86
      87      87
      88      88
      89      89
      90      90
      91      91
      92      92
      93      93
      94      94
      95      95
      96      96
      97      97
      98      98
      99      99
 hecMESH%tuning_block_reorder_new2old 
           1
           2
           3
           4
           5
           6
          12
          13
          14
          15
          16
          17
          34
          35
          36
          37
          38
          39
          45
          46
          47
          48
          49
          50
           7
           8
           9
          10
          11
          18
          19
          20
          21
          22
          40
          41
          42
          43
          44
          51
          52
          53
          54
          55
          23
          24
          25
          26
          27
          28
          56
          57
          58
          59
          60
          61
          29
          30
          31
          32
          33
          62
          63
          64
          65
          66
          67
          68
          69
          70
          71
          72
          78
          79
          80
          81
          82
          83
          73
          74
          75
          76
          77
          84
          85
          86
          87
          88
          89
          90
          91
          92
          93
          94
          95
          96
          97
          98
          99
 hecMESH%node_group%grp_item           1           2           3           4
           5           6          25          26          27          28
          29           7           8           9          10          11
          12          30          31          32          33          34
          45          46          47          48          49          50
          57          58          59          60          61          13
          14          15          16          17          18          35
          36          37          38          39          19          20
          21          22          23          24          40          41
          42          43          44          51          52          53
          54          55          56          62          63          64
          65          66          67          68          69          70
          71          72          79          80          81          82
          83          73          74          75          76          77
          78          84          85          86          87          88
          89          90          91          92          93          94
          95          96          97          98          99           1
           2           3           4           5           6          25
          26          27          28          29           7           8
           9          10          11          12          30          31
          32          33          34          45          46          47
          48          49          50          57          58          59
          60          61          13          14          15          16
          17          18          35          36          37          38
          39          19          20          21          22          23
          24          40          41          42          43          44
          51          52          53          54          55          56
          62          63          64          65          66          67
          68          69          70          71          72          79
          80          81          82          83          73          74
          75          76          77          78          84          85
          86          87          88          89          90          91
          92          93          94          95          96          97
          98          99           1           7          45          13
          19          51          67          73          89          44
