!HECMW-DMD-ASCII version=2
0
0
1
1
2
../B341.msh
0
1
TEST MODEL B341
0.0000000000000000E+00
58
58
49
1 0
2 0
3 0
4 0
5 0
6 0
7 0
8 0
9 0
10 0
11 0
12 0
13 0
14 0
15 0
16 0
17 0
18 0
19 0
20 0
21 0
22 0
23 0
24 0
25 0
26 0
27 0
28 0
29 0
30 0
31 0
32 0
33 0
34 0
35 0
36 0
37 0
38 0
39 0
40 0
41 0
42 0
43 0
44 0
45 0
46 0
47 0
48 0
49 0
1 1
6 1
11 1
16 1
22 1
27 1
32 1
39 1
45 1
1001 1003 1005 1007 1009 1011 1101 1103 1105 1107
1109 1111 1201 1203 1205 1207 1209 1211 3001 3003
3005 3007 3009 3101 3103 3105 3107 3109 3111 3201
3203 3205 3207 3209 3211 5001 5003 5005 5007 5101
5103 5105 5107 5109 5201 5203 5205 5207 5209 1013
1113 1213 3011 3113 3213 5009 5111 5211 
0.0000000000000000E+00 0.0000000000000000E+00 0.0000000000000000E+00
1.0000000000000000E+00 0.0000000000000000E+00 0.0000000000000000E+00
2.0000000000000000E+00 0.0000000000000000E+00 0.0000000000000000E+00
3.0000000000000000E+00 0.0000000000000000E+00 0.0000000000000000E+00
4.0000000000000000E+00 0.0000000000000000E+00 0.0000000000000000E+00
5.0000000000000000E+00 0.0000000000000000E+00 0.0000000000000000E+00
0.0000000000000000E+00 5.0000000000000000E-01 0.0000000000000000E+00
1.0000000000000000E+00 5.0000000000000000E-01 0.0000000000000000E+00
2.0000000000000000E+00 5.0000000000000000E-01 0.0000000000000000E+00
3.0000000000000000E+00 5.0000000000000000E-01 0.0000000000000000E+00
4.0000000000000000E+00 5.0000000000000000E-01 0.0000000000000000E+00
5.0000000000000000E+00 5.0000000000000000E-01 0.0000000000000000E+00
0.0000000000000000E+00 1.0000000000000000E+00 0.0000000000000000E+00
1.0000000000000000E+00 1.0000000000000000E+00 0.0000000000000000E+00
2.0000000000000000E+00 1.0000000000000000E+00 0.0000000000000000E+00
3.0000000000000000E+00 1.0000000000000000E+00 0.0000000000000000E+00
4.0000000000000000E+00 1.0000000000000000E+00 0.0000000000000000E+00
5.0000000000000000E+00 1.0000000000000000E+00 0.0000000000000000E+00
0.0000000000000000E+00 0.0000000000000000E+00 5.0000000000000000E-01
1.0000000000000000E+00 0.0000000000000000E+00 5.0000000000000000E-01
2.0000000000000000E+00 0.0000000000000000E+00 5.0000000000000000E-01
3.0000000000000000E+00 0.0000000000000000E+00 5.0000000000000000E-01
4.0000000000000000E+00 0.0000000000000000E+00 5.0000000000000000E-01
0.0000000000000000E+00 5.0000000000000000E-01 5.0000000000000000E-01
1.0000000000000000E+00 5.0000000000000000E-01 5.0000000000000000E-01
2.0000000000000000E+00 5.0000000000000000E-01 5.0000000000000000E-01
3.0000000000000000E+00 5.0000000000000000E-01 5.0000000000000000E-01
4.0000000000000000E+00 5.0000000000000000E-01 5.0000000000000000E-01
5.0000000000000000E+00 5.0000000000000000E-01 5.0000000000000000E-01
0.0000000000000000E+00 1.0000000000000000E+00 5.0000000000000000E-01
1.0000000000000000E+00 1.0000000000000000E+00 5.0000000000000000E-01
2.0000000000000000E+00 1.0000000000000000E+00 5.0000000000000000E-01
3.0000000000000000E+00 1.0000000000000000E+00 5.0000000000000000E-01
4.0000000000000000E+00 1.0000000000000000E+00 5.0000000000000000E-01
5.0000000000000000E+00 1.0000000000000000E+00 5.0000000000000000E-01
0.0000000000000000E+00 0.0000000000000000E+00 1.0000000000000000E+00
1.0000000000000000E+00 0.0000000000000000E+00 1.0000000000000000E+00
2.0000000000000000E+00 0.0000000000000000E+00 1.0000000000000000E+00
3.0000000000000000E+00 0.0000000000000000E+00 1.0000000000000000E+00
0.0000000000000000E+00 5.0000000000000000E-01 1.0000000000000000E+00
1.0000000000000000E+00 5.0000000000000000E-01 1.0000000000000000E+00
2.0000000000000000E+00 5.0000000000000000E-01 1.0000000000000000E+00
3.0000000000000000E+00 5.0000000000000000E-01 1.0000000000000000E+00
4.0000000000000000E+00 5.0000000000000000E-01 1.0000000000000000E+00
0.0000000000000000E+00 1.0000000000000000E+00 1.0000000000000000E+00
1.0000000000000000E+00 1.0000000000000000E+00 1.0000000000000000E+00
2.0000000000000000E+00 1.0000000000000000E+00 1.0000000000000000E+00
3.0000000000000000E+00 1.0000000000000000E+00 1.0000000000000000E+00
4.0000000000000000E+00 1.0000000000000000E+00 1.0000000000000000E+00
6.0000000000000000E+00 0.0000000000000000E+00 0.0000000000000000E+00
6.0000000000000000E+00 5.0000000000000000E-01 0.0000000000000000E+00
6.0000000000000000E+00 1.0000000000000000E+00 0.0000000000000000E+00
5.0000000000000000E+00 0.0000000000000000E+00 5.0000000000000000E-01
6.0000000000000000E+00 5.0000000000000000E-01 5.0000000000000000E-01
6.0000000000000000E+00 1.0000000000000000E+00 5.0000000000000000E-01
4.0000000000000000E+00 0.0000000000000000E+00 1.0000000000000000E+00
5.0000000000000000E+00 5.0000000000000000E-01 1.0000000000000000E+00
5.0000000000000000E+00 1.0000000000000000E+00 1.0000000000000000E+00
3
1
0 49 
3 
134
134
134
1 2 3 4 5 6 7 8 9 10
11 12 13 14 15 16 17 18 19 20
21 22 23 24 25 26 27 28 29 30
31 32 33 34 35 36 37 38 39 40
41 42 43 44 45 46 47 48 49 50
51 52 53 54 55 56 57 58 59 60
61 62 63 64 65 66 67 68 69 70
71 72 73 74 75 76 77 78 79 80
81 82 83 84 85 86 87 88 89 90
91 92 93 94 95 96 97 98 99 100
101 102 103 104 105 106 107 108 109 110
111 112 113 114 115 116 117 118 119 120
121 122 123 124 125 126 127 128 129 130
131 132 133 134 
1 0
2 0
3 0
4 0
5 0
6 0
7 0
8 0
9 0
10 0
11 0
12 0
13 0
14 0
15 0
16 0
17 0
18 0
19 0
20 0
21 0
22 0
23 0
24 0
25 0
26 0
27 0
28 0
29 0
30 0
31 0
32 0
33 0
34 0
35 0
36 0
37 0
38 0
39 0
40 0
41 0
42 0
43 0
44 0
45 0
46 0
47 0
48 0
49 0
50 0
51 0
52 0
53 0
54 0
55 0
56 0
57 0
58 0
59 0
60 0
61 0
62 0
63 0
64 0
65 0
66 0
67 0
68 0
69 0
70 0
71 0
72 0
73 0
74 0
75 0
76 0
77 0
78 0
79 0
80 0
81 0
82 0
83 0
84 0
85 0
86 0
87 0
88 0
89 0
90 0
91 0
92 0
93 0
94 0
95 0
96 0
97 0
98 0
99 0
100 0
101 0
102 0
103 0
104 0
105 0
106 0
107 0
108 0
109 0
110 0
111 0
112 0
113 0
114 0
115 0
116 0
117 0
118 0
119 0
120 0
121 0
122 0
123 0
124 0
125 0
126 0
127 0
128 0
129 0
130 0
131 0
132 0
133 0
134 0
1 2 3 4 5 6 7 8 9 10
11 12 13 14 15 16 17 18 19 20
21 22 23 24 25 26 27 28 29 30
31 32 33 34 36 61 62 63 64 65
66 67 68 69 70 71 72 73 74 75
76 77 78 79 80 81 82 83 84 85
86 87 88 89 90 91 92 93 94 95
96 121 122 123 124 125 126 127 128 129
130 131 132 133 134 135 136 137 138 139
140 141 142 143 144 145 146 147 148 150
152 181 182 183 184 185 186 187 188 189
190 191 192 193 194 195 196 197 198 199
200 201 202 203 204 205 206 207 208 209
210 211 212 213 
341 341 341 341 341 341 341 341 341 341
341 341 341 341 341 341 341 341 341 341
341 341 341 341 341 341 341 341 341 341
341 341 341 341 341 341 341 341 341 341
341 341 341 341 341 341 341 341 341 341
341 341 341 341 341 341 341 341 341 341
341 341 341 341 341 341 341 341 341 341
341 341 341 341 341 341 341 341 341 341
341 341 341 341 341 341 341 341 341 341
341 341 341 341 341 341 341 341 341 341
341 341 341 341 341 341 341 341 341 341
341 341 341 341 341 341 341 341 341 341
341 341 341 341 341 341 341 341 341 341
341 341 341 341 
1
0 134 
341 
0 4 8 12 16 20 24 28 32 36
40 44 48 52 56 60 64 68 72 76
80 84 88 92 96 100 104 108 112 116
120 124 128 132 136 140 144 148 152 156
160 164 168 172 176 180 184 188 192 196
200 204 208 212 216 220 224 228 232 236
240 244 248 252 256 260 264 268 272 276
280 284 288 292 296 300 304 308 312 316
320 324 328 332 336 340 344 348 352 356
360 364 368 372 376 380 384 388 392 396
400 404 408 412 416 420 424 428 432 436
440 444 448 452 456 460 464 468 472 476
480 484 488 492 496 500 504 508 512 516
520 524 528 532 536 
1 2 8 24 1 8 7 24 1 2
24 19 2 8 24 25 2 25 19 20
2 25 24 19 2 3 9 25 2 9
8 25 2 3 25 20 3 9 25 26
3 26 20 21 3 26 25 20 3 4
10 26 3 10 9 26 3 4 26 21
4 10 26 27 4 27 21 22 4 27
26 21 4 5 11 27 4 11 10 27
4 5 27 22 5 11 27 28 5 28
22 23 5 28 27 22 5 6 12 28
5 12 11 28 5 6 28 23 6 12
28 29 6 29 23 53 6 29 28 23
6 50 51 29 6 51 12 29 6 50
29 53 50 51 29 54 50 54 29 53
7 8 14 30 7 14 13 30 7 8
30 24 8 14 30 31 8 31 24 25
8 31 30 24 8 9 15 31 8 15
14 31 8 9 31 25 9 15 31 32
9 32 25 26 9 32 31 25 9 10
16 32 9 16 15 32 9 10 32 26
10 16 32 33 10 33 26 27 10 33
32 26 10 11 17 33 10 17 16 33
10 11 33 27 11 17 33 34 11 34
27 28 11 34 33 27 11 12 18 34
11 18 17 34 11 12 34 28 12 18
34 35 12 35 28 29 12 35 34 28
12 51 52 35 12 52 18 35 12 51
35 29 51 52 35 55 51 55 29 54
51 55 35 29 19 20 25 40 19 25
24 40 19 20 40 36 20 25 40 41
20 41 36 37 20 41 40 36 20 21
26 41 20 26 25 41 20 21 41 37
21 26 41 42 21 42 37 38 21 42
41 37 21 22 27 42 21 27 26 42
21 22 42 38 22 27 42 43 22 43
38 39 22 43 42 38 22 23 28 43
22 28 27 43 22 23 43 39 23 28
43 44 23 44 39 56 23 44 43 39
23 53 29 44 23 29 28 44 23 53
44 56 53 29 44 57 53 57 44 56
53 54 29 57 24 25 31 45 24 31
30 45 24 25 45 40 25 31 45 46
25 46 40 41 25 46 45 40 25 26
32 46 25 32 31 46 25 26 46 41
26 32 46 47 26 47 41 42 26 47
46 41 26 27 33 47 26 33 32 47
26 27 47 42 27 33 47 48 27 48
42 43 27 48 47 42 27 28 34 48
27 34 33 48 27 28 48 43 28 34
48 49 28 49 43 44 28 49 48 43
28 29 35 49 28 35 34 49 28 29
49 44 29 35 49 58 29 58 44 57
29 58 49 44 29 54 55 58 29 55
35 58 29 54 58 57 
1 1 1 1 1 1 1 1 1 1
1 1 1 1 1 1 1 1 1 1
1 1 1 1 1 1 1 1 1 1
1 1 1 1 1 1 1 1 1 1
1 1 1 1 1 1 1 1 1 1
1 1 1 1 1 1 1 1 1 1
1 1 1 1 1 1 1 1 1 1
1 1 1 1 1 1 1 1 1 1
1 1 1 1 1 1 1 1 1 1
1 1 1 1 1 1 1 1 1 1
1 1 1 1 1 1 1 1 1 1
1 1 1 1 1 1 1 1 1 1
1 1 1 1 1 1 1 1 1 1
1 1 1 1 
0 1 2 3 4 5 6 7 8 9
10 11 12 13 14 15 16 17 18 19
20 21 22 23 24 25 26 27 28 29
30 31 32 33 34 35 36 37 38 39
40 41 42 43 44 45 46 47 48 49
50 51 52 53 54 55 56 57 58 59
60 61 62 63 64 65 66 67 68 69
70 71 72 73 74 75 76 77 78 79
80 81 82 83 84 85 86 87 88 89
90 91 92 93 94 95 96 97 98 99
100 101 102 103 104 105 106 107 108 109
110 111 112 113 114 115 116 117 118 119
120 121 122 123 124 125 126 127 128 129
130 131 132 133 134 
1 1 1 1 1 1 1 1 1 1
1 1 1 1 1 1 1 1 1 1
1 1 1 1 1 1 1 1 1 1
1 1 1 1 1 1 1 1 1 1
1 1 1 1 1 1 1 1 1 1
1 1 1 1 1 1 1 1 1 1
1 1 1 1 1 1 1 1 1 1
1 1 1 1 1 1 1 1 1 1
1 1 1 1 1 1 1 1 1 1
1 1 1 1 1 1 1 1 1 1
1 1 1 1 1 1 1 1 1 1
1 1 1 1 1 1 1 1 1 1
1 1 1 1 1 1 1 1 1 1
1 1 1 1 
134
1
0
2
1
0
0
2
1
1 
0 9 
50 51 52 53 54 55 56 57 58 
0 9 
6 12 18 23 29 35 39 44 49 
0 24 
29 31 32 33 34 35 66 67 68 69
70 71 94 96 98 99 100 101 129 130
131 132 133 134 
1
1 
0 
0 1 
1 
0 0 
0 1 
1.0000000000000000E+00 
1
1
2
2
M1
0 1 
0 2 
0 1 2 
4.0000000000000000E+03 2.9999999999999999E-01 
0.0000000000000000E+00 0.0000000000000000E+00 
0
0
2
ALL
FIX
0 58 67 
1 2 3 4 5 6 50 7 8 9
10 11 12 51 13 14 15 16 17 18
52 19 20 21 22 23 53 24 25 26
27 28 29 54 30 31 32 33 34 35
55 36 37 38 39 56 40 41 42 43
44 57 45 46 47 48 49 58 1 7
13 19 24 30 36 40 45 
2
ALL
B340P3
0 134 153 
1 2 3 4 5 6 7 8 9 10
11 12 13 14 15 16 17 18 19 20
21 22 23 24 25 26 27 28 29 30
31 32 33 34 35 36 37 38 39 40
41 42 43 44 45 46 47 48 49 50
51 52 53 54 55 56 57 58 59 60
61 62 63 64 65 66 67 68 69 70
71 72 73 74 75 76 77 78 79 80
81 82 83 84 85 86 87 88 89 90
91 92 93 94 95 96 97 98 99 100
101 102 103 104 105 106 107 108 109 110
111 112 113 114 115 116 117 118 119 120
121 122 123 124 125 126 127 128 129 130
131 132 133 134 76 77 82 83 88 89
94 95 100 106 107 112 113 118 119 124
125 130 131 
1
B340P
0 19 
76 3
77 3
82 3
83 3
88 3
89 3
94 3
95 3
100 3
106 3
107 3
112 3
113 3
118 3
119 3
124 3
125 3
130 3
131 3
0
