!HECMW-DMD-ASCII version=3
0
0
1
1
3
../sample.msh
0
1
SAMPLE DATA
0.0000000000000000E+00
12
12
6
1 0
2 0
3 0
4 0
5 0
6 0
1 1
2 1
3 1
4 1
5 1
6 1
1001 1002 1003 1004 1005 1006 1007 1008 1009 1010
1011 1012 
0.0000000000000000E+00 0.0000000000000000E+00 0.0000000000000000E+00
1.0000000000000000E+00 0.0000000000000000E+00 0.0000000000000000E+00
0.0000000000000000E+00 1.0000000000000000E+00 0.0000000000000000E+00
1.0000000000000000E+00 1.0000000000000000E+00 0.0000000000000000E+00
0.0000000000000000E+00 0.0000000000000000E+00 1.0000000000000000E+00
1.0000000000000000E+00 0.0000000000000000E+00 1.0000000000000000E+00
0.0000000000000000E+00 1.0000000000000000E+00 1.0000000000000000E+00
1.0000000000000000E+00 1.0000000000000000E+00 1.0000000000000000E+00
0.0000000000000000E+00 0.0000000000000000E+00 2.0000000000000000E+00
1.0000000000000000E+00 0.0000000000000000E+00 2.0000000000000000E+00
0.0000000000000000E+00 1.0000000000000000E+00 2.0000000000000000E+00
1.0000000000000000E+00 1.0000000000000000E+00 2.0000000000000000E+00
3
1
0 6 
3 
8
8
8
1 2 3 4 5 6 7 8 
1 0
2 0
3 0
4 0
5 0
6 0
7 0
8 0
1 2 3 4 5 6 7 8 
341 341 341 341 341 341 351 351 
2
0 6 8 
341 351 
0 4 8 12 16 20 24 30 36 
1 2 3 5 2 3 5 6 3 5
6 7 2 4 3 6 4 3 6 7
4 7 6 8 5 6 7 9 10 11
8 7 6 12 11 10 
1 1 1 1 1 1 1 1 
0 1 2 3 4 5 6 7 8 
1 1 1 1 1 1 1 1 
8
1
0
2
1
0
0
2
1
1 
0 6 
7 8 9 10 11 12 
0 4 
3 4 5 6 
0 5 
3 5 6 7 8 
1
1 
0 
0 1 
1 
0 0 
0 1 
1.0000000000000000E+00 
1
1
2
2
M1
0 1 
0 2 
0 1 2 
4.0000000000000000E+03 2.9999999999999999E-01 
0.0000000000000000E+00 0.0000000000000000E+00 
0
0
7
ALL
XFIX
YFIX
ZFIX
XFIX2
YFIX2
ZFIX2
0 12 18 24 28 32 36 40 
1 2 3 4 5 6 7 8 9 10
11 12 1 3 5 7 9 11 1 2
5 6 9 10 1 2 3 4 2 4
6 8 3 4 7 8 5 6 7 8
2
ALL
PRESS
0 8 10 
1 2 3 4 5 6 7 8 3 6
6
TOP
BOTTOM
RIGHT
LEFT
FRONT
BACK
0 2 4 7 10 13 16 
7 2
8 2
1 1
4 1
4 2
6 4
8 5
1 4
3 2
7 5
1 2
2 4
7 3
5 2
6 2
8 3
0
0
