!HECMW-DMD-ASCII version=2
0
0
1
1
2
../sample.msh
0
1
SAMPLE DATA
0.0000000000000000E+00
7
7
4
1 0
2 0
3 0
4 0
1 1
2 1
3 1
1001 1002 1003 1005 1004 1006 1007 
0.0000000000000000E+00 0.0000000000000000E+00 0.0000000000000000E+00
1.0000000000000000E+00 0.0000000000000000E+00 0.0000000000000000E+00
0.0000000000000000E+00 1.0000000000000000E+00 0.0000000000000000E+00
0.0000000000000000E+00 0.0000000000000000E+00 1.0000000000000000E+00
1.0000000000000000E+00 1.0000000000000000E+00 0.0000000000000000E+00
1.0000000000000000E+00 0.0000000000000000E+00 1.0000000000000000E+00
0.0000000000000000E+00 1.0000000000000000E+00 1.0000000000000000E+00
3
1
0 4 
3 
5
5
5
1 2 3 4 5 
1 0
2 0
3 0
4 0
5 0
1 2 3 4 5 
341 341 341 341 341 
1
0 5 
341 
0 4 8 12 16 20 
1 2 3 4 2 3 4 6 3 4
6 7 2 5 3 6 5 3 6 7
1 1 1 1 1 
0 1 2 3 4 5 
1 1 1 1 1 
5
1
0
2
1
0
0
2
1
1 
0 3 
5 6 7 
0 3 
2 3 4 
0 4 
2 3 4 5 
1
1 
0 
0 1 
1 
0 0 
0 1 
1.0000000000000000E+00 
1
1
2
2
M1
0 1 
0 2 
0 1 2 
4.0000000000000000E+03 2.9999999999999999E-01 
0.0000000000000000E+00 0.0000000000000000E+00 
0
0
7
ALL
XFIX
YFIX
ZFIX
XFIX2
YFIX2
ZFIX2
0 7 11 15 19 22 25 28 
1 2 3 5 4 6 7 1 3 4
7 1 2 4 6 1 2 3 5 2
5 6 3 5 7 4 6 7 
2
ALL
PRESS
0 5 6 
1 2 3 4 5 3 
6
TOP
BOTTOM
RIGHT
LEFT
FRONT
BACK
0 1 3 4 6 8 9 
3 3
1 1
4 1
4 2
1 4
3 2
1 2
2 4
5 2
0
