//----------------------------------------      
//      converted mesh data                     
// output format  "MW3 mesh ver 0.4" 
//----------------------------------------      

Version 
  MW3_0.4 
End 

AssyModel
 1 0 0
   0 0
   0
End

Node
 99 0 5221 1001
 V 0 3       1001   0.000000000000000e+000  0.000000000000000e+000  0.000000000000000e+000
 V 0 3       1003   1.000000000000000e+000  0.000000000000000e+000  0.000000000000000e+000
 V 0 3       1005   2.000000000000000e+000  0.000000000000000e+000  0.000000000000000e+000
 V 0 3       1007   3.000000000000000e+000  0.000000000000000e+000  0.000000000000000e+000
 V 0 3       1009   4.000000000000000e+000  0.000000000000000e+000  0.000000000000000e+000
 V 0 3       1011   5.000000000000000e+000  0.000000000000000e+000  0.000000000000000e+000
 V 0 3       1013   6.000000000000000e+000  0.000000000000000e+000  0.000000000000000e+000
 V 0 3       1015   7.000000000000000e+000  0.000000000000000e+000  0.000000000000000e+000
 V 0 3       1017   8.000000000000000e+000  0.000000000000000e+000  0.000000000000000e+000
 V 0 3       1019   9.000000000000000e+000  0.000000000000000e+000  0.000000000000000e+000
 V 0 3       1021   1.000000000000000e+001  0.000000000000000e+000  0.000000000000000e+000
 V 0 3       1101   0.000000000000000e+000  5.000000000000000e-001  0.000000000000000e+000
 V 0 3       1103   1.000000000000000e+000  5.000000000000000e-001  0.000000000000000e+000
 V 0 3       1105   2.000000000000000e+000  5.000000000000000e-001  0.000000000000000e+000
 V 0 3       1107   3.000000000000000e+000  5.000000000000000e-001  0.000000000000000e+000
 V 0 3       1109   4.000000000000000e+000  5.000000000000000e-001  0.000000000000000e+000
 V 0 3       1111   5.000000000000000e+000  5.000000000000000e-001  0.000000000000000e+000
 V 0 3       1113   6.000000000000000e+000  5.000000000000000e-001  0.000000000000000e+000
 V 0 3       1115   7.000000000000000e+000  5.000000000000000e-001  0.000000000000000e+000
 V 0 3       1117   8.000000000000000e+000  5.000000000000000e-001  0.000000000000000e+000
 V 0 3       1119   9.000000000000000e+000  5.000000000000000e-001  0.000000000000000e+000
 V 0 3       1121   1.000000000000000e+001  5.000000000000000e-001  0.000000000000000e+000
 V 0 3       1201   0.000000000000000e+000  1.000000000000000e+000  0.000000000000000e+000
 V 0 3       1203   1.000000000000000e+000  1.000000000000000e+000  0.000000000000000e+000
 V 0 3       1205   2.000000000000000e+000  1.000000000000000e+000  0.000000000000000e+000
 V 0 3       1207   3.000000000000000e+000  1.000000000000000e+000  0.000000000000000e+000
 V 0 3       1209   4.000000000000000e+000  1.000000000000000e+000  0.000000000000000e+000
 V 0 3       1211   5.000000000000000e+000  1.000000000000000e+000  0.000000000000000e+000
 V 0 3       1213   6.000000000000000e+000  1.000000000000000e+000  0.000000000000000e+000
 V 0 3       1215   7.000000000000000e+000  1.000000000000000e+000  0.000000000000000e+000
 V 0 3       1217   8.000000000000000e+000  1.000000000000000e+000  0.000000000000000e+000
 V 0 3       1219   9.000000000000000e+000  1.000000000000000e+000  0.000000000000000e+000
 V 0 3       1221   1.000000000000000e+001  1.000000000000000e+000  0.000000000000000e+000
 V 0 3       3001   0.000000000000000e+000  0.000000000000000e+000  5.000000000000000e-001
 V 0 3       3003   1.000000000000000e+000  0.000000000000000e+000  5.000000000000000e-001
 V 0 3       3005   2.000000000000000e+000  0.000000000000000e+000  5.000000000000000e-001
 V 0 3       3007   3.000000000000000e+000  0.000000000000000e+000  5.000000000000000e-001
 V 0 3       3009   4.000000000000000e+000  0.000000000000000e+000  5.000000000000000e-001
 V 0 3       3011   5.000000000000000e+000  0.000000000000000e+000  5.000000000000000e-001
 V 0 3       3013   6.000000000000000e+000  0.000000000000000e+000  5.000000000000000e-001
 V 0 3       3015   7.000000000000000e+000  0.000000000000000e+000  5.000000000000000e-001
 V 0 3       3017   8.000000000000000e+000  0.000000000000000e+000  5.000000000000000e-001
 V 0 3       3019   9.000000000000000e+000  0.000000000000000e+000  5.000000000000000e-001
 V 0 3       3021   1.000000000000000e+001  0.000000000000000e+000  5.000000000000000e-001
 V 0 3       3101   0.000000000000000e+000  5.000000000000000e-001  5.000000000000000e-001
 V 0 3       3103   1.000000000000000e+000  5.000000000000000e-001  5.000000000000000e-001
 V 0 3       3105   2.000000000000000e+000  5.000000000000000e-001  5.000000000000000e-001
 V 0 3       3107   3.000000000000000e+000  5.000000000000000e-001  5.000000000000000e-001
 V 0 3       3109   4.000000000000000e+000  5.000000000000000e-001  5.000000000000000e-001
 V 0 3       3111   5.000000000000000e+000  5.000000000000000e-001  5.000000000000000e-001
 V 0 3       3113   6.000000000000000e+000  5.000000000000000e-001  5.000000000000000e-001
 V 0 3       3115   7.000000000000000e+000  5.000000000000000e-001  5.000000000000000e-001
 V 0 3       3117   8.000000000000000e+000  5.000000000000000e-001  5.000000000000000e-001
 V 0 3       3119   9.000000000000000e+000  5.000000000000000e-001  5.000000000000000e-001
 V 0 3       3121   1.000000000000000e+001  5.000000000000000e-001  5.000000000000000e-001
 V 0 3       3201   0.000000000000000e+000  1.000000000000000e+000  5.000000000000000e-001
 V 0 3       3203   1.000000000000000e+000  1.000000000000000e+000  5.000000000000000e-001
 V 0 3       3205   2.000000000000000e+000  1.000000000000000e+000  5.000000000000000e-001
 V 0 3       3207   3.000000000000000e+000  1.000000000000000e+000  5.000000000000000e-001
 V 0 3       3209   4.000000000000000e+000  1.000000000000000e+000  5.000000000000000e-001
 V 0 3       3211   5.000000000000000e+000  1.000000000000000e+000  5.000000000000000e-001
 V 0 3       3213   6.000000000000000e+000  1.000000000000000e+000  5.000000000000000e-001
 V 0 3       3215   7.000000000000000e+000  1.000000000000000e+000  5.000000000000000e-001
 V 0 3       3217   8.000000000000000e+000  1.000000000000000e+000  5.000000000000000e-001
 V 0 3       3219   9.000000000000000e+000  1.000000000000000e+000  5.000000000000000e-001
 V 0 3       3221   1.000000000000000e+001  1.000000000000000e+000  5.000000000000000e-001
 V 0 3       5001   0.000000000000000e+000  0.000000000000000e+000  1.000000000000000e+000
 V 0 3       5003   1.000000000000000e+000  0.000000000000000e+000  1.000000000000000e+000
 V 0 3       5005   2.000000000000000e+000  0.000000000000000e+000  1.000000000000000e+000
 V 0 3       5007   3.000000000000000e+000  0.000000000000000e+000  1.000000000000000e+000
 V 0 3       5009   4.000000000000000e+000  0.000000000000000e+000  1.000000000000000e+000
 V 0 3       5011   5.000000000000000e+000  0.000000000000000e+000  1.000000000000000e+000
 V 0 3       5013   6.000000000000000e+000  0.000000000000000e+000  1.000000000000000e+000
 V 0 3       5015   7.000000000000000e+000  0.000000000000000e+000  1.000000000000000e+000
 V 0 3       5017   8.000000000000000e+000  0.000000000000000e+000  1.000000000000000e+000
 V 0 3       5019   9.000000000000000e+000  0.000000000000000e+000  1.000000000000000e+000
 V 0 3       5021   1.000000000000000e+001  0.000000000000000e+000  1.000000000000000e+000
 V 0 3       5101   0.000000000000000e+000  5.000000000000000e-001  1.000000000000000e+000
 V 0 3       5103   1.000000000000000e+000  5.000000000000000e-001  1.000000000000000e+000
 V 0 3       5105   2.000000000000000e+000  5.000000000000000e-001  1.000000000000000e+000
 V 0 3       5107   3.000000000000000e+000  5.000000000000000e-001  1.000000000000000e+000
 V 0 3       5109   4.000000000000000e+000  5.000000000000000e-001  1.000000000000000e+000
 V 0 3       5111   5.000000000000000e+000  5.000000000000000e-001  1.000000000000000e+000
 V 0 3       5113   6.000000000000000e+000  5.000000000000000e-001  1.000000000000000e+000
 V 0 3       5115   7.000000000000000e+000  5.000000000000000e-001  1.000000000000000e+000
 V 0 3       5117   8.000000000000000e+000  5.000000000000000e-001  1.000000000000000e+000
 V 0 3       5119   9.000000000000000e+000  5.000000000000000e-001  1.000000000000000e+000
 V 0 3       5121   1.000000000000000e+001  5.000000000000000e-001  1.000000000000000e+000
 V 0 3       5201   0.000000000000000e+000  1.000000000000000e+000  1.000000000000000e+000
 V 0 3       5203   1.000000000000000e+000  1.000000000000000e+000  1.000000000000000e+000
 V 0 3       5205   2.000000000000000e+000  1.000000000000000e+000  1.000000000000000e+000
 V 0 3       5207   3.000000000000000e+000  1.000000000000000e+000  1.000000000000000e+000
 V 0 3       5209   4.000000000000000e+000  1.000000000000000e+000  1.000000000000000e+000
 V 0 3       5211   5.000000000000000e+000  1.000000000000000e+000  1.000000000000000e+000
 V 0 3       5213   6.000000000000000e+000  1.000000000000000e+000  1.000000000000000e+000
 V 0 3       5215   7.000000000000000e+000  1.000000000000000e+000  1.000000000000000e+000
 V 0 3       5217   8.000000000000000e+000  1.000000000000000e+000  1.000000000000000e+000
 V 0 3       5219   9.000000000000000e+000  1.000000000000000e+000  1.000000000000000e+000
 V 0 3       5221   1.000000000000000e+001  1.000000000000000e+000  1.000000000000000e+000
End

Element
 240 0 240 1
 Tetra         1       1001      1003      1103      3101
 Tetra         2       1001      1103      1101      3101
 Tetra         3       1001      1003      3101      3001
 Tetra         4       1003      1103      3101      3103
 Tetra         5       1003      3103      3001      3003
 Tetra         6       1003      3103      3101      3001
 Tetra         7       1003      1005      1105      3103
 Tetra         8       1003      1105      1103      3103
 Tetra         9       1003      1005      3103      3003
 Tetra        10       1005      1105      3103      3105
 Tetra        11       1005      3105      3003      3005
 Tetra        12       1005      3105      3103      3003
 Tetra        13       1005      1007      1107      3105
 Tetra        14       1005      1107      1105      3105
 Tetra        15       1005      1007      3105      3005
 Tetra        16       1007      1107      3105      3107
 Tetra        17       1007      3107      3005      3007
 Tetra        18       1007      3107      3105      3005
 Tetra        19       1007      1009      1109      3107
 Tetra        20       1007      1109      1107      3107
 Tetra        21       1007      1009      3107      3007
 Tetra        22       1009      1109      3107      3109
 Tetra        23       1009      3109      3007      3009
 Tetra        24       1009      3109      3107      3007
 Tetra        25       1009      1011      1111      3109
 Tetra        26       1009      1111      1109      3109
 Tetra        27       1009      1011      3109      3009
 Tetra        28       1011      1111      3109      3111
 Tetra        29       1011      3111      3009      3011
 Tetra        30       1011      3111      3109      3009
 Tetra        31       1011      1013      1113      3111
 Tetra        32       1011      1113      1111      3111
 Tetra        33       1011      1013      3111      3011
 Tetra        34       1013      1113      3111      3113
 Tetra        35       1013      3113      3011      3013
 Tetra        36       1013      3113      3111      3011
 Tetra        37       1013      1015      1115      3113
 Tetra        38       1013      1115      1113      3113
 Tetra        39       1013      1015      3113      3013
 Tetra        40       1015      1115      3113      3115
 Tetra        41       1015      3115      3013      3015
 Tetra        42       1015      3115      3113      3013
 Tetra        43       1015      1017      1117      3115
 Tetra        44       1015      1117      1115      3115
 Tetra        45       1015      1017      3115      3015
 Tetra        46       1017      1117      3115      3117
 Tetra        47       1017      3117      3015      3017
 Tetra        48       1017      3117      3115      3015
 Tetra        49       1017      1019      1119      3117
 Tetra        50       1017      1119      1117      3117
 Tetra        51       1017      1019      3117      3017
 Tetra        52       1019      1119      3117      3119
 Tetra        53       1019      3119      3017      3019
 Tetra        54       1019      3119      3117      3017
 Tetra        55       1019      1021      1121      3119
 Tetra        56       1019      1121      1119      3119
 Tetra        57       1019      1021      3119      3019
 Tetra        58       1021      1121      3119      3121
 Tetra        59       1021      3121      3019      3021
 Tetra        60       1021      3121      3119      3019
 Tetra        61       1101      1103      1203      3201
 Tetra        62       1101      1203      1201      3201
 Tetra        63       1101      1103      3201      3101
 Tetra        64       1103      1203      3201      3203
 Tetra        65       1103      3203      3101      3103
 Tetra        66       1103      3203      3201      3101
 Tetra        67       1103      1105      1205      3203
 Tetra        68       1103      1205      1203      3203
 Tetra        69       1103      1105      3203      3103
 Tetra        70       1105      1205      3203      3205
 Tetra        71       1105      3205      3103      3105
 Tetra        72       1105      3205      3203      3103
 Tetra        73       1105      1107      1207      3205
 Tetra        74       1105      1207      1205      3205
 Tetra        75       1105      1107      3205      3105
 Tetra        76       1107      1207      3205      3207
 Tetra        77       1107      3207      3105      3107
 Tetra        78       1107      3207      3205      3105
 Tetra        79       1107      1109      1209      3207
 Tetra        80       1107      1209      1207      3207
 Tetra        81       1107      1109      3207      3107
 Tetra        82       1109      1209      3207      3209
 Tetra        83       1109      3209      3107      3109
 Tetra        84       1109      3209      3207      3107
 Tetra        85       1109      1111      1211      3209
 Tetra        86       1109      1211      1209      3209
 Tetra        87       1109      1111      3209      3109
 Tetra        88       1111      1211      3209      3211
 Tetra        89       1111      3211      3109      3111
 Tetra        90       1111      3211      3209      3109
 Tetra        91       1111      1113      1213      3211
 Tetra        92       1111      1213      1211      3211
 Tetra        93       1111      1113      3211      3111
 Tetra        94       1113      1213      3211      3213
 Tetra        95       1113      3213      3111      3113
 Tetra        96       1113      3213      3211      3111
 Tetra        97       1113      1115      1215      3213
 Tetra        98       1113      1215      1213      3213
 Tetra        99       1113      1115      3213      3113
 Tetra       100       1115      1215      3213      3215
 Tetra       101       1115      3215      3113      3115
 Tetra       102       1115      3215      3213      3113
 Tetra       103       1115      1117      1217      3215
 Tetra       104       1115      1217      1215      3215
 Tetra       105       1115      1117      3215      3115
 Tetra       106       1117      1217      3215      3217
 Tetra       107       1117      3217      3115      3117
 Tetra       108       1117      3217      3215      3115
 Tetra       109       1117      1119      1219      3217
 Tetra       110       1117      1219      1217      3217
 Tetra       111       1117      1119      3217      3117
 Tetra       112       1119      1219      3217      3219
 Tetra       113       1119      3219      3117      3119
 Tetra       114       1119      3219      3217      3117
 Tetra       115       1119      1121      1221      3219
 Tetra       116       1119      1221      1219      3219
 Tetra       117       1119      1121      3219      3119
 Tetra       118       1121      1221      3219      3221
 Tetra       119       1121      3221      3119      3121
 Tetra       120       1121      3221      3219      3119
 Tetra       121       3001      3003      3103      5101
 Tetra       122       3001      3103      3101      5101
 Tetra       123       3001      3003      5101      5001
 Tetra       124       3003      3103      5101      5103
 Tetra       125       3003      5103      5001      5003
 Tetra       126       3003      5103      5101      5001
 Tetra       127       3003      3005      3105      5103
 Tetra       128       3003      3105      3103      5103
 Tetra       129       3003      3005      5103      5003
 Tetra       130       3005      3105      5103      5105
 Tetra       131       3005      5105      5003      5005
 Tetra       132       3005      5105      5103      5003
 Tetra       133       3005      3007      3107      5105
 Tetra       134       3005      3107      3105      5105
 Tetra       135       3005      3007      5105      5005
 Tetra       136       3007      3107      5105      5107
 Tetra       137       3007      5107      5005      5007
 Tetra       138       3007      5107      5105      5005
 Tetra       139       3007      3009      3109      5107
 Tetra       140       3007      3109      3107      5107
 Tetra       141       3007      3009      5107      5007
 Tetra       142       3009      3109      5107      5109
 Tetra       143       3009      5109      5007      5009
 Tetra       144       3009      5109      5107      5007
 Tetra       145       3009      3011      3111      5109
 Tetra       146       3009      3111      3109      5109
 Tetra       147       3009      3011      5109      5009
 Tetra       148       3011      3111      5109      5111
 Tetra       149       3011      5111      5009      5011
 Tetra       150       3011      5111      5109      5009
 Tetra       151       3011      3013      3113      5111
 Tetra       152       3011      3113      3111      5111
 Tetra       153       3011      3013      5111      5011
 Tetra       154       3013      3113      5111      5113
 Tetra       155       3013      5113      5011      5013
 Tetra       156       3013      5113      5111      5011
 Tetra       157       3013      3015      3115      5113
 Tetra       158       3013      3115      3113      5113
 Tetra       159       3013      3015      5113      5013
 Tetra       160       3015      3115      5113      5115
 Tetra       161       3015      5115      5013      5015
 Tetra       162       3015      5115      5113      5013
 Tetra       163       3015      3017      3117      5115
 Tetra       164       3015      3117      3115      5115
 Tetra       165       3015      3017      5115      5015
 Tetra       166       3017      3117      5115      5117
 Tetra       167       3017      5117      5015      5017
 Tetra       168       3017      5117      5115      5015
 Tetra       169       3017      3019      3119      5117
 Tetra       170       3017      3119      3117      5117
 Tetra       171       3017      3019      5117      5017
 Tetra       172       3019      3119      5117      5119
 Tetra       173       3019      5119      5017      5019
 Tetra       174       3019      5119      5117      5017
 Tetra       175       3019      3021      3121      5119
 Tetra       176       3019      3121      3119      5119
 Tetra       177       3019      3021      5119      5019
 Tetra       178       3021      3121      5119      5121
 Tetra       179       3021      5121      5019      5021
 Tetra       180       3021      5121      5119      5019
 Tetra       181       3101      3103      3203      5201
 Tetra       182       3101      3203      3201      5201
 Tetra       183       3101      3103      5201      5101
 Tetra       184       3103      3203      5201      5203
 Tetra       185       3103      5203      5101      5103
 Tetra       186       3103      5203      5201      5101
 Tetra       187       3103      3105      3205      5203
 Tetra       188       3103      3205      3203      5203
 Tetra       189       3103      3105      5203      5103
 Tetra       190       3105      3205      5203      5205
 Tetra       191       3105      5205      5103      5105
 Tetra       192       3105      5205      5203      5103
 Tetra       193       3105      3107      3207      5205
 Tetra       194       3105      3207      3205      5205
 Tetra       195       3105      3107      5205      5105
 Tetra       196       3107      3207      5205      5207
 Tetra       197       3107      5207      5105      5107
 Tetra       198       3107      5207      5205      5105
 Tetra       199       3107      3109      3209      5207
 Tetra       200       3107      3209      3207      5207
 Tetra       201       3107      3109      5207      5107
 Tetra       202       3109      3209      5207      5209
 Tetra       203       3109      5209      5107      5109
 Tetra       204       3109      5209      5207      5107
 Tetra       205       3109      3111      3211      5209
 Tetra       206       3109      3211      3209      5209
 Tetra       207       3109      3111      5209      5109
 Tetra       208       3111      3211      5209      5211
 Tetra       209       3111      5211      5109      5111
 Tetra       210       3111      5211      5209      5109
 Tetra       211       3111      3113      3213      5211
 Tetra       212       3111      3213      3211      5211
 Tetra       213       3111      3113      5211      5111
 Tetra       214       3113      3213      5211      5213
 Tetra       215       3113      5213      5111      5113
 Tetra       216       3113      5213      5211      5111
 Tetra       217       3113      3115      3215      5213
 Tetra       218       3113      3215      3213      5213
 Tetra       219       3113      3115      5213      5113
 Tetra       220       3115      3215      5213      5215
 Tetra       221       3115      5215      5113      5115
 Tetra       222       3115      5215      5213      5113
 Tetra       223       3115      3117      3217      5215
 Tetra       224       3115      3217      3215      5215
 Tetra       225       3115      3117      5215      5115
 Tetra       226       3117      3217      5215      5217
 Tetra       227       3117      5217      5115      5117
 Tetra       228       3117      5217      5215      5115
 Tetra       229       3117      3119      3219      5217
 Tetra       230       3117      3219      3217      5217
 Tetra       231       3117      3119      5217      5117
 Tetra       232       3119      3219      5217      5219
 Tetra       233       3119      5219      5117      5119
 Tetra       234       3119      5219      5217      5117
 Tetra       235       3119      3121      3221      5219
 Tetra       236       3119      3221      3219      5219
 Tetra       237       3119      3121      5219      5119
 Tetra       238       3121      3221      5219      5221
 Tetra       239       3121      5221      5119      5121
 Tetra       240       3121      5221      5219      5119
End

BoundaryNodeMesh
 0 2
 0 Dirichlet FIX 0
 1 Neumann CL1 0
End

BoundaryNode
 0 Dirichlet 0 9
         0      1001  0.000000000000000e+000  0.000000000000000e+000  0.000000000000000e+000 0   0.000000
         0      1001  0.000000000000000e+000  0.000000000000000e+000  0.000000000000000e+000 1   0.000000
         0      1001  0.000000000000000e+000  0.000000000000000e+000  0.000000000000000e+000 2   0.000000
         1      1101  0.000000000000000e+000  5.000000000000000e-001  0.000000000000000e+000 0   0.000000
         1      1101  0.000000000000000e+000  5.000000000000000e-001  0.000000000000000e+000 1   0.000000
         1      1101  0.000000000000000e+000  5.000000000000000e-001  0.000000000000000e+000 2   0.000000
         2      1201  0.000000000000000e+000  1.000000000000000e+000  0.000000000000000e+000 0   0.000000
         2      1201  0.000000000000000e+000  1.000000000000000e+000  0.000000000000000e+000 1   0.000000
         2      1201  0.000000000000000e+000  1.000000000000000e+000  0.000000000000000e+000 2   0.000000
         3      3001  0.000000000000000e+000  0.000000000000000e+000  5.000000000000000e-001 0   0.000000
         3      3001  0.000000000000000e+000  0.000000000000000e+000  5.000000000000000e-001 1   0.000000
         3      3001  0.000000000000000e+000  0.000000000000000e+000  5.000000000000000e-001 2   0.000000
         4      3101  0.000000000000000e+000  5.000000000000000e-001  5.000000000000000e-001 0   0.000000
         4      3101  0.000000000000000e+000  5.000000000000000e-001  5.000000000000000e-001 1   0.000000
         4      3101  0.000000000000000e+000  5.000000000000000e-001  5.000000000000000e-001 2   0.000000
         5      3201  0.000000000000000e+000  1.000000000000000e+000  5.000000000000000e-001 0   0.000000
         5      3201  0.000000000000000e+000  1.000000000000000e+000  5.000000000000000e-001 1   0.000000
         5      3201  0.000000000000000e+000  1.000000000000000e+000  5.000000000000000e-001 2   0.000000
         6      5001  0.000000000000000e+000  0.000000000000000e+000  1.000000000000000e+000 0   0.000000
         6      5001  0.000000000000000e+000  0.000000000000000e+000  1.000000000000000e+000 1   0.000000
         6      5001  0.000000000000000e+000  0.000000000000000e+000  1.000000000000000e+000 2   0.000000
         7      5101  0.000000000000000e+000  5.000000000000000e-001  1.000000000000000e+000 0   0.000000
         7      5101  0.000000000000000e+000  5.000000000000000e-001  1.000000000000000e+000 1   0.000000
         7      5101  0.000000000000000e+000  5.000000000000000e-001  1.000000000000000e+000 2   0.000000
         8      5201  0.000000000000000e+000  1.000000000000000e+000  1.000000000000000e+000 0   0.000000
         8      5201  0.000000000000000e+000  1.000000000000000e+000  1.000000000000000e+000 1   0.000000
         8      5201  0.000000000000000e+000  1.000000000000000e+000  1.000000000000000e+000 2   0.000000
End

BoundaryNode
 1 Neumann 0 1
         0      3121  1.000000000000000e+001  5.000000000000000e-001  5.000000000000000e-001 0   0.000000
End

ElementGroup
 0 EALL 0
End

ElementGroupEntity
 0 0
 1 2 3 4 5 6
 7 8 9 10 11
 12 13 14 15 16
 17 18 19 20 21
 22 23 24 25 26
 27 28 29 30 31
 32 33 34 35 36
 37 38 39 40 41
 42 43 44 45 46
 47 48 49 50 51
 52 53 54 55 56
 57 58 59 60 61
 62 63 64 65 66
 67 68 69 70 71
 72 73 74 75 76
 77 78 79 80 81
 82 83 84 85 86
 87 88 89 90 91
 92 93 94 95 96
 97 98 99 100 101
 102 103 104 105 106
 107 108 109 110 111
 112 113 114 115 116
 117 118 119 120 121
 122 123 124 125 126
 127 128 129 130 131
 132 133 134 135 136
 137 138 139 140 141
 142 143 144 145 146
 147 148 149 150 151
 152 153 154 155 156
 157 158 159 160 161
 162 163 164 165 166
 167 168 169 170 171
 172 173 174 175 176
 177 178 179 180 181
 182 183 184 185 186
 187 188 189 190 191
 192 193 194 195 196
 197 198 199 200 201
 202 203 204 205 206
 207 208 209 210 211
 212 213 214 215 216
 217 218 219 220 221
 222 223 224 225 226
 227 228 229 230 231
 232 233 234 235 236
 237 238 239 240
End

