AssyModel
1 0 0
0 0
1
0 0 1
End

Node
53 0 5209 1001
V 0 3 1001 0.000000 0.000000 0.000000
V 0 3 1003 1.000000 0.000000 0.000000
V 0 3 1005 2.000000 0.000000 0.000000
V 0 3 1007 3.000000 0.000000 0.000000
V 0 3 1009 4.000000 0.000000 0.000000
V 0 3 1011 5.000000 0.000000 0.000000
V 0 3 1101 0.000000 0.500000 0.000000
V 0 3 1103 1.000000 0.500000 0.000000
V 0 3 1105 2.000000 0.500000 0.000000
V 0 3 1107 3.000000 0.500000 0.000000
V 0 3 1109 4.000000 0.500000 0.000000
V 0 3 1111 5.000000 0.500000 0.000000
V 0 3 1113 6.000000 0.500000 0.000000
V 0 3 1201 0.000000 1.000000 0.000000
V 0 3 1203 1.000000 1.000000 0.000000
V 0 3 1205 2.000000 1.000000 0.000000
V 0 3 1207 3.000000 1.000000 0.000000
V 0 3 1209 4.000000 1.000000 0.000000
V 0 3 1211 5.000000 1.000000 0.000000
V 0 3 1213 6.000000 1.000000 0.000000
V 0 3 3001 0.000000 0.000000 0.500000
V 0 3 3003 1.000000 0.000000 0.500000
V 0 3 3005 2.000000 0.000000 0.500000
V 0 3 3007 3.000000 0.000000 0.500000
V 0 3 3009 4.000000 0.000000 0.500000
V 0 3 3011 5.000000 0.000000 0.500000
V 0 3 3101 0.000000 0.500000 0.500000
V 0 3 3103 1.000000 0.500000 0.500000
V 0 3 3105 2.000000 0.500000 0.500000
V 0 3 3107 3.000000 0.500000 0.500000
V 0 3 3109 4.000000 0.500000 0.500000
V 0 3 3111 5.000000 0.500000 0.500000
V 0 3 3201 0.000000 1.000000 0.500000
V 0 3 3203 1.000000 1.000000 0.500000
V 0 3 3205 2.000000 1.000000 0.500000
V 0 3 3207 3.000000 1.000000 0.500000
V 0 3 3209 4.000000 1.000000 0.500000
V 0 3 3211 5.000000 1.000000 0.500000
V 0 3 5001 0.000000 0.000000 1.000000
V 0 3 5003 1.000000 0.000000 1.000000
V 0 3 5005 2.000000 0.000000 1.000000
V 0 3 5007 3.000000 0.000000 1.000000
V 0 3 5009 4.000000 0.000000 1.000000
V 0 3 5101 0.000000 0.500000 1.000000
V 0 3 5103 1.000000 0.500000 1.000000
V 0 3 5105 2.000000 0.500000 1.000000
V 0 3 5107 3.000000 0.500000 1.000000
V 0 3 5109 4.000000 0.500000 1.000000
V 0 3 5201 0.000000 1.000000 1.000000
V 0 3 5203 1.000000 1.000000 1.000000
V 0 3 5205 2.000000 1.000000 1.000000
V 0 3 5207 3.000000 1.000000 1.000000
V 0 3 5209 4.000000 1.000000 1.000000
End

Element
118 0 207 1
Tetra 1 1001 1003 1103 3101 
Tetra 2 1001 1103 1101 3101 
Tetra 3 1001 1003 3101 3001 
Tetra 4 1003 1103 3101 3103 
Tetra 5 1003 3103 3001 3003 
Tetra 6 1003 3103 3101 3001 
Tetra 7 1003 1005 1105 3103 
Tetra 8 1003 1105 1103 3103 
Tetra 9 1003 1005 3103 3003 
Tetra 10 1005 1105 3103 3105 
Tetra 11 1005 3105 3003 3005 
Tetra 12 1005 3105 3103 3003 
Tetra 13 1005 1007 1107 3105 
Tetra 14 1005 1107 1105 3105 
Tetra 15 1005 1007 3105 3005 
Tetra 16 1007 1107 3105 3107 
Tetra 17 1007 3107 3005 3007 
Tetra 18 1007 3107 3105 3005 
Tetra 19 1007 1009 1109 3107 
Tetra 20 1007 1109 1107 3107 
Tetra 21 1007 1009 3107 3007 
Tetra 22 1009 1109 3107 3109 
Tetra 23 1009 3109 3007 3009 
Tetra 24 1009 3109 3107 3007 
Tetra 25 1009 1011 1111 3109 
Tetra 26 1009 1111 1109 3109 
Tetra 27 1009 1011 3109 3009 
Tetra 28 1011 1111 3109 3111 
Tetra 29 1011 3111 3009 3011 
Tetra 30 1011 3111 3109 3009 
Tetra 32 1011 1113 1111 3111 
Tetra 61 1101 1103 1203 3201 
Tetra 62 1101 1203 1201 3201 
Tetra 63 1101 1103 3201 3101 
Tetra 64 1103 1203 3201 3203 
Tetra 65 1103 3203 3101 3103 
Tetra 66 1103 3203 3201 3101 
Tetra 67 1103 1105 1205 3203 
Tetra 68 1103 1205 1203 3203 
Tetra 69 1103 1105 3203 3103 
Tetra 70 1105 1205 3203 3205 
Tetra 71 1105 3205 3103 3105 
Tetra 72 1105 3205 3203 3103 
Tetra 73 1105 1107 1207 3205 
Tetra 74 1105 1207 1205 3205 
Tetra 75 1105 1107 3205 3105 
Tetra 76 1107 1207 3205 3207 
Tetra 77 1107 3207 3105 3107 
Tetra 78 1107 3207 3205 3105 
Tetra 79 1107 1109 1209 3207 
Tetra 80 1107 1209 1207 3207 
Tetra 81 1107 1109 3207 3107 
Tetra 82 1109 1209 3207 3209 
Tetra 83 1109 3209 3107 3109 
Tetra 84 1109 3209 3207 3107 
Tetra 85 1109 1111 1211 3209 
Tetra 86 1109 1211 1209 3209 
Tetra 87 1109 1111 3209 3109 
Tetra 88 1111 1211 3209 3211 
Tetra 89 1111 3211 3109 3111 
Tetra 90 1111 3211 3209 3109 
Tetra 91 1111 1113 1213 3211 
Tetra 92 1111 1213 1211 3211 
Tetra 93 1111 1113 3211 3111 
Tetra 121 3001 3003 3103 5101 
Tetra 122 3001 3103 3101 5101 
Tetra 123 3001 3003 5101 5001 
Tetra 124 3003 3103 5101 5103 
Tetra 125 3003 5103 5001 5003 
Tetra 126 3003 5103 5101 5001 
Tetra 127 3003 3005 3105 5103 
Tetra 128 3003 3105 3103 5103 
Tetra 129 3003 3005 5103 5003 
Tetra 130 3005 3105 5103 5105 
Tetra 131 3005 5105 5003 5005 
Tetra 132 3005 5105 5103 5003 
Tetra 133 3005 3007 3107 5105 
Tetra 134 3005 3107 3105 5105 
Tetra 135 3005 3007 5105 5005 
Tetra 136 3007 3107 5105 5107 
Tetra 137 3007 5107 5005 5007 
Tetra 138 3007 5107 5105 5005 
Tetra 139 3007 3009 3109 5107 
Tetra 140 3007 3109 3107 5107 
Tetra 141 3007 3009 5107 5007 
Tetra 142 3009 3109 5107 5109 
Tetra 143 3009 5109 5007 5009 
Tetra 144 3009 5109 5107 5007 
Tetra 145 3009 3011 3111 5109 
Tetra 146 3009 3111 3109 5109 
Tetra 147 3009 3011 5109 5009 
Tetra 181 3101 3103 3203 5201 
Tetra 182 3101 3203 3201 5201 
Tetra 183 3101 3103 5201 5101 
Tetra 184 3103 3203 5201 5203 
Tetra 185 3103 5203 5101 5103 
Tetra 186 3103 5203 5201 5101 
Tetra 187 3103 3105 3205 5203 
Tetra 188 3103 3205 3203 5203 
Tetra 189 3103 3105 5203 5103 
Tetra 190 3105 3205 5203 5205 
Tetra 191 3105 5205 5103 5105 
Tetra 192 3105 5205 5203 5103 
Tetra 193 3105 3107 3207 5205 
Tetra 194 3105 3207 3205 5205 
Tetra 195 3105 3107 5205 5105 
Tetra 196 3107 3207 5205 5207 
Tetra 197 3107 5207 5105 5107 
Tetra 198 3107 5207 5205 5105 
Tetra 199 3107 3109 3209 5207 
Tetra 200 3107 3209 3207 5207 
Tetra 201 3107 3109 5207 5107 
Tetra 202 3109 3209 5207 5209 
Tetra 203 3109 5209 5107 5109 
Tetra 204 3109 5209 5207 5107 
Tetra 205 3109 3111 3211 5209 
Tetra 206 3109 3211 3209 5209 
Tetra 207 3109 3111 5209 5109 
End

ElementGroup
0 EALL 0
End

ElementGroupEntity
0 0
1 2 3 4 5 6 7 8 9 10 
11 12 13 14 15 16 17 18 19 20 
21 22 23 24 25 26 27 28 29 30 
32 61 62 63 64 65 66 67 68 69 
70 71 72 73 74 75 76 77 78 79 
80 81 82 83 84 85 86 87 88 89 
90 91 92 93 121 122 123 124 125 126 
127 128 129 130 131 132 133 134 135 136 
137 138 139 140 141 142 143 144 145 146 
147 181 182 183 184 185 186 187 188 189 
190 191 192 193 194 195 196 197 198 199 
200 201 202 203 204 205 206 207 
End

BoundaryNodeMesh
0 2
0 Dirichlet FIX
1 Neumann CL1
End

BoundaryNode
0 Dirichlet 0 9
0 1001 0.000000 0.000000 0.000000 0 0.000000 
1 1101 0.000000 0.500000 0.000000 0 0.000000 
2 1201 0.000000 1.000000 0.000000 0 0.000000 
3 3001 0.000000 0.000000 0.500000 0 0.000000 
4 3101 0.000000 0.500000 0.500000 0 0.000000 
5 3201 0.000000 1.000000 0.500000 0 0.000000 
6 5001 0.000000 0.000000 1.000000 0 0.000000 
7 5101 0.000000 0.500000 1.000000 0 0.000000 
8 5201 0.000000 1.000000 1.000000 0 0.000000 
End

BoundaryNode
1 Neumann 0 0
End

BoundaryVolumeMesh
0 0
End

BoundaryFaceMesh
0 0
End

BoundaryEdgeMesh
0 0
End

CommMesh2
0 1
0 8 9 0 1
End

CommNodeCM2
0 0 9
0 1011 5.000000 0.000000 0.000000
1 1113 6.000000 0.500000 0.000000
2 1213 6.000000 1.000000 0.000000
3 3011 5.000000 0.000000 0.500000
4 3111 5.000000 0.500000 0.500000
5 3211 5.000000 1.000000 0.500000
6 5009 4.000000 0.000000 1.000000
7 5109 4.000000 0.500000 1.000000
8 5209 4.000000 1.000000 1.000000
End

CommFace
0 0 8
Triangle 0 29 1 0 3 4
Triangle 1 32 1 0 4 1
Triangle 2 91 2 1 5 2
Triangle 3 93 2 1 4 5
Triangle 4 145 2 3 7 4
Triangle 5 147 2 3 6 7
Triangle 6 205 2 4 8 5
Triangle 7 207 2 4 7 8
End

