//----------------------------------------      
//      converted mesh data                     
// output format  "MW3 mesh ver 0.4" 
//----------------------------------------      

Version 
  MW3_0.4 
End 

AssyModel
 1 0 0
   0 0
   0
End

Node
 525 0 5221 1001
 V 0 3       1001   0.000000000000000e+000  0.000000000000000e+000  0.000000000000000e+000
 V 0 3       1002   5.000000000000000e-001  0.000000000000000e+000  0.000000000000000e+000
 V 0 3       1003   1.000000000000000e+000  0.000000000000000e+000  0.000000000000000e+000
 V 0 3       1004   1.500000000000000e+000  0.000000000000000e+000  0.000000000000000e+000
 V 0 3       1005   2.000000000000000e+000  0.000000000000000e+000  0.000000000000000e+000
 V 0 3       1006   2.500000000000000e+000  0.000000000000000e+000  0.000000000000000e+000
 V 0 3       1007   3.000000000000000e+000  0.000000000000000e+000  0.000000000000000e+000
 V 0 3       1008   3.500000000000000e+000  0.000000000000000e+000  0.000000000000000e+000
 V 0 3       1009   4.000000000000000e+000  0.000000000000000e+000  0.000000000000000e+000
 V 0 3       1010   4.500000000000000e+000  0.000000000000000e+000  0.000000000000000e+000
 V 0 3       1011   5.000000000000000e+000  0.000000000000000e+000  0.000000000000000e+000
 V 0 3       1012   5.500000000000000e+000  0.000000000000000e+000  0.000000000000000e+000
 V 0 3       1013   6.000000000000000e+000  0.000000000000000e+000  0.000000000000000e+000
 V 0 3       1014   6.500000000000000e+000  0.000000000000000e+000  0.000000000000000e+000
 V 0 3       1015   7.000000000000000e+000  0.000000000000000e+000  0.000000000000000e+000
 V 0 3       1016   7.500000000000000e+000  0.000000000000000e+000  0.000000000000000e+000
 V 0 3       1017   8.000000000000000e+000  0.000000000000000e+000  0.000000000000000e+000
 V 0 3       1018   8.500000000000000e+000  0.000000000000000e+000  0.000000000000000e+000
 V 0 3       1019   9.000000000000000e+000  0.000000000000000e+000  0.000000000000000e+000
 V 0 3       1020   9.500000000000000e+000  0.000000000000000e+000  0.000000000000000e+000
 V 0 3       1021   1.000000000000000e+001  0.000000000000000e+000  0.000000000000000e+000
 V 0 3       1051   0.000000000000000e+000  2.500000000000000e-001  0.000000000000000e+000
 V 0 3       1052   5.000000000000000e-001  2.500000000000000e-001  0.000000000000000e+000
 V 0 3       1053   1.000000000000000e+000  2.500000000000000e-001  0.000000000000000e+000
 V 0 3       1054   1.500000000000000e+000  2.500000000000000e-001  0.000000000000000e+000
 V 0 3       1055   2.000000000000000e+000  2.500000000000000e-001  0.000000000000000e+000
 V 0 3       1056   2.500000000000000e+000  2.500000000000000e-001  0.000000000000000e+000
 V 0 3       1057   3.000000000000000e+000  2.500000000000000e-001  0.000000000000000e+000
 V 0 3       1058   3.500000000000000e+000  2.500000000000000e-001  0.000000000000000e+000
 V 0 3       1059   4.000000000000000e+000  2.500000000000000e-001  0.000000000000000e+000
 V 0 3       1060   4.500000000000000e+000  2.500000000000000e-001  0.000000000000000e+000
 V 0 3       1061   5.000000000000000e+000  2.500000000000000e-001  0.000000000000000e+000
 V 0 3       1062   5.500000000000000e+000  2.500000000000000e-001  0.000000000000000e+000
 V 0 3       1063   6.000000000000000e+000  2.500000000000000e-001  0.000000000000000e+000
 V 0 3       1064   6.500000000000000e+000  2.500000000000000e-001  0.000000000000000e+000
 V 0 3       1065   7.000000000000000e+000  2.500000000000000e-001  0.000000000000000e+000
 V 0 3       1066   7.500000000000000e+000  2.500000000000000e-001  0.000000000000000e+000
 V 0 3       1067   8.000000000000000e+000  2.500000000000000e-001  0.000000000000000e+000
 V 0 3       1068   8.500000000000000e+000  2.500000000000000e-001  0.000000000000000e+000
 V 0 3       1069   9.000000000000000e+000  2.500000000000000e-001  0.000000000000000e+000
 V 0 3       1070   9.500000000000000e+000  2.500000000000000e-001  0.000000000000000e+000
 V 0 3       1071   1.000000000000000e+001  2.500000000000000e-001  0.000000000000000e+000
 V 0 3       1101   0.000000000000000e+000  5.000000000000000e-001  0.000000000000000e+000
 V 0 3       1102   5.000000000000000e-001  5.000000000000000e-001  0.000000000000000e+000
 V 0 3       1103   1.000000000000000e+000  5.000000000000000e-001  0.000000000000000e+000
 V 0 3       1104   1.500000000000000e+000  5.000000000000000e-001  0.000000000000000e+000
 V 0 3       1105   2.000000000000000e+000  5.000000000000000e-001  0.000000000000000e+000
 V 0 3       1106   2.500000000000000e+000  5.000000000000000e-001  0.000000000000000e+000
 V 0 3       1107   3.000000000000000e+000  5.000000000000000e-001  0.000000000000000e+000
 V 0 3       1108   3.500000000000000e+000  5.000000000000000e-001  0.000000000000000e+000
 V 0 3       1109   4.000000000000000e+000  5.000000000000000e-001  0.000000000000000e+000
 V 0 3       1110   4.500000000000000e+000  5.000000000000000e-001  0.000000000000000e+000
 V 0 3       1111   5.000000000000000e+000  5.000000000000000e-001  0.000000000000000e+000
 V 0 3       1112   5.500000000000000e+000  5.000000000000000e-001  0.000000000000000e+000
 V 0 3       1113   6.000000000000000e+000  5.000000000000000e-001  0.000000000000000e+000
 V 0 3       1114   6.500000000000000e+000  5.000000000000000e-001  0.000000000000000e+000
 V 0 3       1115   7.000000000000000e+000  5.000000000000000e-001  0.000000000000000e+000
 V 0 3       1116   7.500000000000000e+000  5.000000000000000e-001  0.000000000000000e+000
 V 0 3       1117   8.000000000000000e+000  5.000000000000000e-001  0.000000000000000e+000
 V 0 3       1118   8.500000000000000e+000  5.000000000000000e-001  0.000000000000000e+000
 V 0 3       1119   9.000000000000000e+000  5.000000000000000e-001  0.000000000000000e+000
 V 0 3       1120   9.500000000000000e+000  5.000000000000000e-001  0.000000000000000e+000
 V 0 3       1121   1.000000000000000e+001  5.000000000000000e-001  0.000000000000000e+000
 V 0 3       1151   0.000000000000000e+000  7.500000000000000e-001  0.000000000000000e+000
 V 0 3       1152   5.000000000000000e-001  7.500000000000000e-001  0.000000000000000e+000
 V 0 3       1153   1.000000000000000e+000  7.500000000000000e-001  0.000000000000000e+000
 V 0 3       1154   1.500000000000000e+000  7.500000000000000e-001  0.000000000000000e+000
 V 0 3       1155   2.000000000000000e+000  7.500000000000000e-001  0.000000000000000e+000
 V 0 3       1156   2.500000000000000e+000  7.500000000000000e-001  0.000000000000000e+000
 V 0 3       1157   3.000000000000000e+000  7.500000000000000e-001  0.000000000000000e+000
 V 0 3       1158   3.500000000000000e+000  7.500000000000000e-001  0.000000000000000e+000
 V 0 3       1159   4.000000000000000e+000  7.500000000000000e-001  0.000000000000000e+000
 V 0 3       1160   4.500000000000000e+000  7.500000000000000e-001  0.000000000000000e+000
 V 0 3       1161   5.000000000000000e+000  7.500000000000000e-001  0.000000000000000e+000
 V 0 3       1162   5.500000000000000e+000  7.500000000000000e-001  0.000000000000000e+000
 V 0 3       1163   6.000000000000000e+000  7.500000000000000e-001  0.000000000000000e+000
 V 0 3       1164   6.500000000000000e+000  7.500000000000000e-001  0.000000000000000e+000
 V 0 3       1165   7.000000000000000e+000  7.500000000000000e-001  0.000000000000000e+000
 V 0 3       1166   7.500000000000000e+000  7.500000000000000e-001  0.000000000000000e+000
 V 0 3       1167   8.000000000000000e+000  7.500000000000000e-001  0.000000000000000e+000
 V 0 3       1168   8.500000000000000e+000  7.500000000000000e-001  0.000000000000000e+000
 V 0 3       1169   9.000000000000000e+000  7.500000000000000e-001  0.000000000000000e+000
 V 0 3       1170   9.500000000000000e+000  7.500000000000000e-001  0.000000000000000e+000
 V 0 3       1171   1.000000000000000e+001  7.500000000000000e-001  0.000000000000000e+000
 V 0 3       1201   0.000000000000000e+000  1.000000000000000e+000  0.000000000000000e+000
 V 0 3       1202   5.000000000000000e-001  1.000000000000000e+000  0.000000000000000e+000
 V 0 3       1203   1.000000000000000e+000  1.000000000000000e+000  0.000000000000000e+000
 V 0 3       1204   1.500000000000000e+000  1.000000000000000e+000  0.000000000000000e+000
 V 0 3       1205   2.000000000000000e+000  1.000000000000000e+000  0.000000000000000e+000
 V 0 3       1206   2.500000000000000e+000  1.000000000000000e+000  0.000000000000000e+000
 V 0 3       1207   3.000000000000000e+000  1.000000000000000e+000  0.000000000000000e+000
 V 0 3       1208   3.500000000000000e+000  1.000000000000000e+000  0.000000000000000e+000
 V 0 3       1209   4.000000000000000e+000  1.000000000000000e+000  0.000000000000000e+000
 V 0 3       1210   4.500000000000000e+000  1.000000000000000e+000  0.000000000000000e+000
 V 0 3       1211   5.000000000000000e+000  1.000000000000000e+000  0.000000000000000e+000
 V 0 3       1212   5.500000000000000e+000  1.000000000000000e+000  0.000000000000000e+000
 V 0 3       1213   6.000000000000000e+000  1.000000000000000e+000  0.000000000000000e+000
 V 0 3       1214   6.500000000000000e+000  1.000000000000000e+000  0.000000000000000e+000
 V 0 3       1215   7.000000000000000e+000  1.000000000000000e+000  0.000000000000000e+000
 V 0 3       1216   7.500000000000000e+000  1.000000000000000e+000  0.000000000000000e+000
 V 0 3       1217   8.000000000000000e+000  1.000000000000000e+000  0.000000000000000e+000
 V 0 3       1218   8.500000000000000e+000  1.000000000000000e+000  0.000000000000000e+000
 V 0 3       1219   9.000000000000000e+000  1.000000000000000e+000  0.000000000000000e+000
 V 0 3       1220   9.500000000000000e+000  1.000000000000000e+000  0.000000000000000e+000
 V 0 3       1221   1.000000000000000e+001  1.000000000000000e+000  0.000000000000000e+000
 V 0 3       2001   0.000000000000000e+000  0.000000000000000e+000  2.500000000000000e-001
 V 0 3       2002   5.000000000000000e-001  0.000000000000000e+000  2.500000000000000e-001
 V 0 3       2003   1.000000000000000e+000  0.000000000000000e+000  2.500000000000000e-001
 V 0 3       2004   1.500000000000000e+000  0.000000000000000e+000  2.500000000000000e-001
 V 0 3       2005   2.000000000000000e+000  0.000000000000000e+000  2.500000000000000e-001
 V 0 3       2006   2.500000000000000e+000  0.000000000000000e+000  2.500000000000000e-001
 V 0 3       2007   3.000000000000000e+000  0.000000000000000e+000  2.500000000000000e-001
 V 0 3       2008   3.500000000000000e+000  0.000000000000000e+000  2.500000000000000e-001
 V 0 3       2009   4.000000000000000e+000  0.000000000000000e+000  2.500000000000000e-001
 V 0 3       2010   4.500000000000000e+000  0.000000000000000e+000  2.500000000000000e-001
 V 0 3       2011   5.000000000000000e+000  0.000000000000000e+000  2.500000000000000e-001
 V 0 3       2012   5.500000000000000e+000  0.000000000000000e+000  2.500000000000000e-001
 V 0 3       2013   6.000000000000000e+000  0.000000000000000e+000  2.500000000000000e-001
 V 0 3       2014   6.500000000000000e+000  0.000000000000000e+000  2.500000000000000e-001
 V 0 3       2015   7.000000000000000e+000  0.000000000000000e+000  2.500000000000000e-001
 V 0 3       2016   7.500000000000000e+000  0.000000000000000e+000  2.500000000000000e-001
 V 0 3       2017   8.000000000000000e+000  0.000000000000000e+000  2.500000000000000e-001
 V 0 3       2018   8.500000000000000e+000  0.000000000000000e+000  2.500000000000000e-001
 V 0 3       2019   9.000000000000000e+000  0.000000000000000e+000  2.500000000000000e-001
 V 0 3       2020   9.500000000000000e+000  0.000000000000000e+000  2.500000000000000e-001
 V 0 3       2021   1.000000000000000e+001  0.000000000000000e+000  2.500000000000000e-001
 V 0 3       2051   0.000000000000000e+000  2.500000000000000e-001  2.500000000000000e-001
 V 0 3       2052   5.000000000000000e-001  2.500000000000000e-001  2.500000000000000e-001
 V 0 3       2053   1.000000000000000e+000  2.500000000000000e-001  2.500000000000000e-001
 V 0 3       2054   1.500000000000000e+000  2.500000000000000e-001  2.500000000000000e-001
 V 0 3       2055   2.000000000000000e+000  2.500000000000000e-001  2.500000000000000e-001
 V 0 3       2056   2.500000000000000e+000  2.500000000000000e-001  2.500000000000000e-001
 V 0 3       2057   3.000000000000000e+000  2.500000000000000e-001  2.500000000000000e-001
 V 0 3       2058   3.500000000000000e+000  2.500000000000000e-001  2.500000000000000e-001
 V 0 3       2059   4.000000000000000e+000  2.500000000000000e-001  2.500000000000000e-001
 V 0 3       2060   4.500000000000000e+000  2.500000000000000e-001  2.500000000000000e-001
 V 0 3       2061   5.000000000000000e+000  2.500000000000000e-001  2.500000000000000e-001
 V 0 3       2062   5.500000000000000e+000  2.500000000000000e-001  2.500000000000000e-001
 V 0 3       2063   6.000000000000000e+000  2.500000000000000e-001  2.500000000000000e-001
 V 0 3       2064   6.500000000000000e+000  2.500000000000000e-001  2.500000000000000e-001
 V 0 3       2065   7.000000000000000e+000  2.500000000000000e-001  2.500000000000000e-001
 V 0 3       2066   7.500000000000000e+000  2.500000000000000e-001  2.500000000000000e-001
 V 0 3       2067   8.000000000000000e+000  2.500000000000000e-001  2.500000000000000e-001
 V 0 3       2068   8.500000000000000e+000  2.500000000000000e-001  2.500000000000000e-001
 V 0 3       2069   9.000000000000000e+000  2.500000000000000e-001  2.500000000000000e-001
 V 0 3       2070   9.500000000000000e+000  2.500000000000000e-001  2.500000000000000e-001
 V 0 3       2071   1.000000000000000e+001  2.500000000000000e-001  2.500000000000000e-001
 V 0 3       2101   0.000000000000000e+000  5.000000000000000e-001  2.500000000000000e-001
 V 0 3       2102   5.000000000000000e-001  5.000000000000000e-001  2.500000000000000e-001
 V 0 3       2103   1.000000000000000e+000  5.000000000000000e-001  2.500000000000000e-001
 V 0 3       2104   1.500000000000000e+000  5.000000000000000e-001  2.500000000000000e-001
 V 0 3       2105   2.000000000000000e+000  5.000000000000000e-001  2.500000000000000e-001
 V 0 3       2106   2.500000000000000e+000  5.000000000000000e-001  2.500000000000000e-001
 V 0 3       2107   3.000000000000000e+000  5.000000000000000e-001  2.500000000000000e-001
 V 0 3       2108   3.500000000000000e+000  5.000000000000000e-001  2.500000000000000e-001
 V 0 3       2109   4.000000000000000e+000  5.000000000000000e-001  2.500000000000000e-001
 V 0 3       2110   4.500000000000000e+000  5.000000000000000e-001  2.500000000000000e-001
 V 0 3       2111   5.000000000000000e+000  5.000000000000000e-001  2.500000000000000e-001
 V 0 3       2112   5.500000000000000e+000  5.000000000000000e-001  2.500000000000000e-001
 V 0 3       2113   6.000000000000000e+000  5.000000000000000e-001  2.500000000000000e-001
 V 0 3       2114   6.500000000000000e+000  5.000000000000000e-001  2.500000000000000e-001
 V 0 3       2115   7.000000000000000e+000  5.000000000000000e-001  2.500000000000000e-001
 V 0 3       2116   7.500000000000000e+000  5.000000000000000e-001  2.500000000000000e-001
 V 0 3       2117   8.000000000000000e+000  5.000000000000000e-001  2.500000000000000e-001
 V 0 3       2118   8.500000000000000e+000  5.000000000000000e-001  2.500000000000000e-001
 V 0 3       2119   9.000000000000000e+000  5.000000000000000e-001  2.500000000000000e-001
 V 0 3       2120   9.500000000000000e+000  5.000000000000000e-001  2.500000000000000e-001
 V 0 3       2121   1.000000000000000e+001  5.000000000000000e-001  2.500000000000000e-001
 V 0 3       2151   0.000000000000000e+000  7.500000000000000e-001  2.500000000000000e-001
 V 0 3       2152   5.000000000000000e-001  7.500000000000000e-001  2.500000000000000e-001
 V 0 3       2153   1.000000000000000e+000  7.500000000000000e-001  2.500000000000000e-001
 V 0 3       2154   1.500000000000000e+000  7.500000000000000e-001  2.500000000000000e-001
 V 0 3       2155   2.000000000000000e+000  7.500000000000000e-001  2.500000000000000e-001
 V 0 3       2156   2.500000000000000e+000  7.500000000000000e-001  2.500000000000000e-001
 V 0 3       2157   3.000000000000000e+000  7.500000000000000e-001  2.500000000000000e-001
 V 0 3       2158   3.500000000000000e+000  7.500000000000000e-001  2.500000000000000e-001
 V 0 3       2159   4.000000000000000e+000  7.500000000000000e-001  2.500000000000000e-001
 V 0 3       2160   4.500000000000000e+000  7.500000000000000e-001  2.500000000000000e-001
 V 0 3       2161   5.000000000000000e+000  7.500000000000000e-001  2.500000000000000e-001
 V 0 3       2162   5.500000000000000e+000  7.500000000000000e-001  2.500000000000000e-001
 V 0 3       2163   6.000000000000000e+000  7.500000000000000e-001  2.500000000000000e-001
 V 0 3       2164   6.500000000000000e+000  7.500000000000000e-001  2.500000000000000e-001
 V 0 3       2165   7.000000000000000e+000  7.500000000000000e-001  2.500000000000000e-001
 V 0 3       2166   7.500000000000000e+000  7.500000000000000e-001  2.500000000000000e-001
 V 0 3       2167   8.000000000000000e+000  7.500000000000000e-001  2.500000000000000e-001
 V 0 3       2168   8.500000000000000e+000  7.500000000000000e-001  2.500000000000000e-001
 V 0 3       2169   9.000000000000000e+000  7.500000000000000e-001  2.500000000000000e-001
 V 0 3       2170   9.500000000000000e+000  7.500000000000000e-001  2.500000000000000e-001
 V 0 3       2171   1.000000000000000e+001  7.500000000000000e-001  2.500000000000000e-001
 V 0 3       2201   0.000000000000000e+000  1.000000000000000e+000  2.500000000000000e-001
 V 0 3       2202   5.000000000000000e-001  1.000000000000000e+000  2.500000000000000e-001
 V 0 3       2203   1.000000000000000e+000  1.000000000000000e+000  2.500000000000000e-001
 V 0 3       2204   1.500000000000000e+000  1.000000000000000e+000  2.500000000000000e-001
 V 0 3       2205   2.000000000000000e+000  1.000000000000000e+000  2.500000000000000e-001
 V 0 3       2206   2.500000000000000e+000  1.000000000000000e+000  2.500000000000000e-001
 V 0 3       2207   3.000000000000000e+000  1.000000000000000e+000  2.500000000000000e-001
 V 0 3       2208   3.500000000000000e+000  1.000000000000000e+000  2.500000000000000e-001
 V 0 3       2209   4.000000000000000e+000  1.000000000000000e+000  2.500000000000000e-001
 V 0 3       2210   4.500000000000000e+000  1.000000000000000e+000  2.500000000000000e-001
 V 0 3       2211   5.000000000000000e+000  1.000000000000000e+000  2.500000000000000e-001
 V 0 3       2212   5.500000000000000e+000  1.000000000000000e+000  2.500000000000000e-001
 V 0 3       2213   6.000000000000000e+000  1.000000000000000e+000  2.500000000000000e-001
 V 0 3       2214   6.500000000000000e+000  1.000000000000000e+000  2.500000000000000e-001
 V 0 3       2215   7.000000000000000e+000  1.000000000000000e+000  2.500000000000000e-001
 V 0 3       2216   7.500000000000000e+000  1.000000000000000e+000  2.500000000000000e-001
 V 0 3       2217   8.000000000000000e+000  1.000000000000000e+000  2.500000000000000e-001
 V 0 3       2218   8.500000000000000e+000  1.000000000000000e+000  2.500000000000000e-001
 V 0 3       2219   9.000000000000000e+000  1.000000000000000e+000  2.500000000000000e-001
 V 0 3       2220   9.500000000000000e+000  1.000000000000000e+000  2.500000000000000e-001
 V 0 3       2221   1.000000000000000e+001  1.000000000000000e+000  2.500000000000000e-001
 V 0 3       3001   0.000000000000000e+000  0.000000000000000e+000  5.000000000000000e-001
 V 0 3       3002   5.000000000000000e-001  0.000000000000000e+000  5.000000000000000e-001
 V 0 3       3003   1.000000000000000e+000  0.000000000000000e+000  5.000000000000000e-001
 V 0 3       3004   1.500000000000000e+000  0.000000000000000e+000  5.000000000000000e-001
 V 0 3       3005   2.000000000000000e+000  0.000000000000000e+000  5.000000000000000e-001
 V 0 3       3006   2.500000000000000e+000  0.000000000000000e+000  5.000000000000000e-001
 V 0 3       3007   3.000000000000000e+000  0.000000000000000e+000  5.000000000000000e-001
 V 0 3       3008   3.500000000000000e+000  0.000000000000000e+000  5.000000000000000e-001
 V 0 3       3009   4.000000000000000e+000  0.000000000000000e+000  5.000000000000000e-001
 V 0 3       3010   4.500000000000000e+000  0.000000000000000e+000  5.000000000000000e-001
 V 0 3       3011   5.000000000000000e+000  0.000000000000000e+000  5.000000000000000e-001
 V 0 3       3012   5.500000000000000e+000  0.000000000000000e+000  5.000000000000000e-001
 V 0 3       3013   6.000000000000000e+000  0.000000000000000e+000  5.000000000000000e-001
 V 0 3       3014   6.500000000000000e+000  0.000000000000000e+000  5.000000000000000e-001
 V 0 3       3015   7.000000000000000e+000  0.000000000000000e+000  5.000000000000000e-001
 V 0 3       3016   7.500000000000000e+000  0.000000000000000e+000  5.000000000000000e-001
 V 0 3       3017   8.000000000000000e+000  0.000000000000000e+000  5.000000000000000e-001
 V 0 3       3018   8.500000000000000e+000  0.000000000000000e+000  5.000000000000000e-001
 V 0 3       3019   9.000000000000000e+000  0.000000000000000e+000  5.000000000000000e-001
 V 0 3       3020   9.500000000000000e+000  0.000000000000000e+000  5.000000000000000e-001
 V 0 3       3021   1.000000000000000e+001  0.000000000000000e+000  5.000000000000000e-001
 V 0 3       3051   0.000000000000000e+000  2.500000000000000e-001  5.000000000000000e-001
 V 0 3       3052   5.000000000000000e-001  2.500000000000000e-001  5.000000000000000e-001
 V 0 3       3053   1.000000000000000e+000  2.500000000000000e-001  5.000000000000000e-001
 V 0 3       3054   1.500000000000000e+000  2.500000000000000e-001  5.000000000000000e-001
 V 0 3       3055   2.000000000000000e+000  2.500000000000000e-001  5.000000000000000e-001
 V 0 3       3056   2.500000000000000e+000  2.500000000000000e-001  5.000000000000000e-001
 V 0 3       3057   3.000000000000000e+000  2.500000000000000e-001  5.000000000000000e-001
 V 0 3       3058   3.500000000000000e+000  2.500000000000000e-001  5.000000000000000e-001
 V 0 3       3059   4.000000000000000e+000  2.500000000000000e-001  5.000000000000000e-001
 V 0 3       3060   4.500000000000000e+000  2.500000000000000e-001  5.000000000000000e-001
 V 0 3       3061   5.000000000000000e+000  2.500000000000000e-001  5.000000000000000e-001
 V 0 3       3062   5.500000000000000e+000  2.500000000000000e-001  5.000000000000000e-001
 V 0 3       3063   6.000000000000000e+000  2.500000000000000e-001  5.000000000000000e-001
 V 0 3       3064   6.500000000000000e+000  2.500000000000000e-001  5.000000000000000e-001
 V 0 3       3065   7.000000000000000e+000  2.500000000000000e-001  5.000000000000000e-001
 V 0 3       3066   7.500000000000000e+000  2.500000000000000e-001  5.000000000000000e-001
 V 0 3       3067   8.000000000000000e+000  2.500000000000000e-001  5.000000000000000e-001
 V 0 3       3068   8.500000000000000e+000  2.500000000000000e-001  5.000000000000000e-001
 V 0 3       3069   9.000000000000000e+000  2.500000000000000e-001  5.000000000000000e-001
 V 0 3       3070   9.500000000000000e+000  2.500000000000000e-001  5.000000000000000e-001
 V 0 3       3071   1.000000000000000e+001  2.500000000000000e-001  5.000000000000000e-001
 V 0 3       3101   0.000000000000000e+000  5.000000000000000e-001  5.000000000000000e-001
 V 0 3       3102   5.000000000000000e-001  5.000000000000000e-001  5.000000000000000e-001
 V 0 3       3103   1.000000000000000e+000  5.000000000000000e-001  5.000000000000000e-001
 V 0 3       3104   1.500000000000000e+000  5.000000000000000e-001  5.000000000000000e-001
 V 0 3       3105   2.000000000000000e+000  5.000000000000000e-001  5.000000000000000e-001
 V 0 3       3106   2.500000000000000e+000  5.000000000000000e-001  5.000000000000000e-001
 V 0 3       3107   3.000000000000000e+000  5.000000000000000e-001  5.000000000000000e-001
 V 0 3       3108   3.500000000000000e+000  5.000000000000000e-001  5.000000000000000e-001
 V 0 3       3109   4.000000000000000e+000  5.000000000000000e-001  5.000000000000000e-001
 V 0 3       3110   4.500000000000000e+000  5.000000000000000e-001  5.000000000000000e-001
 V 0 3       3111   5.000000000000000e+000  5.000000000000000e-001  5.000000000000000e-001
 V 0 3       3112   5.500000000000000e+000  5.000000000000000e-001  5.000000000000000e-001
 V 0 3       3113   6.000000000000000e+000  5.000000000000000e-001  5.000000000000000e-001
 V 0 3       3114   6.500000000000000e+000  5.000000000000000e-001  5.000000000000000e-001
 V 0 3       3115   7.000000000000000e+000  5.000000000000000e-001  5.000000000000000e-001
 V 0 3       3116   7.500000000000000e+000  5.000000000000000e-001  5.000000000000000e-001
 V 0 3       3117   8.000000000000000e+000  5.000000000000000e-001  5.000000000000000e-001
 V 0 3       3118   8.500000000000000e+000  5.000000000000000e-001  5.000000000000000e-001
 V 0 3       3119   9.000000000000000e+000  5.000000000000000e-001  5.000000000000000e-001
 V 0 3       3120   9.500000000000000e+000  5.000000000000000e-001  5.000000000000000e-001
 V 0 3       3121   1.000000000000000e+001  5.000000000000000e-001  5.000000000000000e-001
 V 0 3       3151   0.000000000000000e+000  7.500000000000000e-001  5.000000000000000e-001
 V 0 3       3152   5.000000000000000e-001  7.500000000000000e-001  5.000000000000000e-001
 V 0 3       3153   1.000000000000000e+000  7.500000000000000e-001  5.000000000000000e-001
 V 0 3       3154   1.500000000000000e+000  7.500000000000000e-001  5.000000000000000e-001
 V 0 3       3155   2.000000000000000e+000  7.500000000000000e-001  5.000000000000000e-001
 V 0 3       3156   2.500000000000000e+000  7.500000000000000e-001  5.000000000000000e-001
 V 0 3       3157   3.000000000000000e+000  7.500000000000000e-001  5.000000000000000e-001
 V 0 3       3158   3.500000000000000e+000  7.500000000000000e-001  5.000000000000000e-001
 V 0 3       3159   4.000000000000000e+000  7.500000000000000e-001  5.000000000000000e-001
 V 0 3       3160   4.500000000000000e+000  7.500000000000000e-001  5.000000000000000e-001
 V 0 3       3161   5.000000000000000e+000  7.500000000000000e-001  5.000000000000000e-001
 V 0 3       3162   5.500000000000000e+000  7.500000000000000e-001  5.000000000000000e-001
 V 0 3       3163   6.000000000000000e+000  7.500000000000000e-001  5.000000000000000e-001
 V 0 3       3164   6.500000000000000e+000  7.500000000000000e-001  5.000000000000000e-001
 V 0 3       3165   7.000000000000000e+000  7.500000000000000e-001  5.000000000000000e-001
 V 0 3       3166   7.500000000000000e+000  7.500000000000000e-001  5.000000000000000e-001
 V 0 3       3167   8.000000000000000e+000  7.500000000000000e-001  5.000000000000000e-001
 V 0 3       3168   8.500000000000000e+000  7.500000000000000e-001  5.000000000000000e-001
 V 0 3       3169   9.000000000000000e+000  7.500000000000000e-001  5.000000000000000e-001
 V 0 3       3170   9.500000000000000e+000  7.500000000000000e-001  5.000000000000000e-001
 V 0 3       3171   1.000000000000000e+001  7.500000000000000e-001  5.000000000000000e-001
 V 0 3       3201   0.000000000000000e+000  1.000000000000000e+000  5.000000000000000e-001
 V 0 3       3202   5.000000000000000e-001  1.000000000000000e+000  5.000000000000000e-001
 V 0 3       3203   1.000000000000000e+000  1.000000000000000e+000  5.000000000000000e-001
 V 0 3       3204   1.500000000000000e+000  1.000000000000000e+000  5.000000000000000e-001
 V 0 3       3205   2.000000000000000e+000  1.000000000000000e+000  5.000000000000000e-001
 V 0 3       3206   2.500000000000000e+000  1.000000000000000e+000  5.000000000000000e-001
 V 0 3       3207   3.000000000000000e+000  1.000000000000000e+000  5.000000000000000e-001
 V 0 3       3208   3.500000000000000e+000  1.000000000000000e+000  5.000000000000000e-001
 V 0 3       3209   4.000000000000000e+000  1.000000000000000e+000  5.000000000000000e-001
 V 0 3       3210   4.500000000000000e+000  1.000000000000000e+000  5.000000000000000e-001
 V 0 3       3211   5.000000000000000e+000  1.000000000000000e+000  5.000000000000000e-001
 V 0 3       3212   5.500000000000000e+000  1.000000000000000e+000  5.000000000000000e-001
 V 0 3       3213   6.000000000000000e+000  1.000000000000000e+000  5.000000000000000e-001
 V 0 3       3214   6.500000000000000e+000  1.000000000000000e+000  5.000000000000000e-001
 V 0 3       3215   7.000000000000000e+000  1.000000000000000e+000  5.000000000000000e-001
 V 0 3       3216   7.500000000000000e+000  1.000000000000000e+000  5.000000000000000e-001
 V 0 3       3217   8.000000000000000e+000  1.000000000000000e+000  5.000000000000000e-001
 V 0 3       3218   8.500000000000000e+000  1.000000000000000e+000  5.000000000000000e-001
 V 0 3       3219   9.000000000000000e+000  1.000000000000000e+000  5.000000000000000e-001
 V 0 3       3220   9.500000000000000e+000  1.000000000000000e+000  5.000000000000000e-001
 V 0 3       3221   1.000000000000000e+001  1.000000000000000e+000  5.000000000000000e-001
 V 0 3       4001   0.000000000000000e+000  0.000000000000000e+000  7.500000000000000e-001
 V 0 3       4002   5.000000000000000e-001  0.000000000000000e+000  7.500000000000000e-001
 V 0 3       4003   1.000000000000000e+000  0.000000000000000e+000  7.500000000000000e-001
 V 0 3       4004   1.500000000000000e+000  0.000000000000000e+000  7.500000000000000e-001
 V 0 3       4005   2.000000000000000e+000  0.000000000000000e+000  7.500000000000000e-001
 V 0 3       4006   2.500000000000000e+000  0.000000000000000e+000  7.500000000000000e-001
 V 0 3       4007   3.000000000000000e+000  0.000000000000000e+000  7.500000000000000e-001
 V 0 3       4008   3.500000000000000e+000  0.000000000000000e+000  7.500000000000000e-001
 V 0 3       4009   4.000000000000000e+000  0.000000000000000e+000  7.500000000000000e-001
 V 0 3       4010   4.500000000000000e+000  0.000000000000000e+000  7.500000000000000e-001
 V 0 3       4011   5.000000000000000e+000  0.000000000000000e+000  7.500000000000000e-001
 V 0 3       4012   5.500000000000000e+000  0.000000000000000e+000  7.500000000000000e-001
 V 0 3       4013   6.000000000000000e+000  0.000000000000000e+000  7.500000000000000e-001
 V 0 3       4014   6.500000000000000e+000  0.000000000000000e+000  7.500000000000000e-001
 V 0 3       4015   7.000000000000000e+000  0.000000000000000e+000  7.500000000000000e-001
 V 0 3       4016   7.500000000000000e+000  0.000000000000000e+000  7.500000000000000e-001
 V 0 3       4017   8.000000000000000e+000  0.000000000000000e+000  7.500000000000000e-001
 V 0 3       4018   8.500000000000000e+000  0.000000000000000e+000  7.500000000000000e-001
 V 0 3       4019   9.000000000000000e+000  0.000000000000000e+000  7.500000000000000e-001
 V 0 3       4020   9.500000000000000e+000  0.000000000000000e+000  7.500000000000000e-001
 V 0 3       4021   1.000000000000000e+001  0.000000000000000e+000  7.500000000000000e-001
 V 0 3       4051   0.000000000000000e+000  2.500000000000000e-001  7.500000000000000e-001
 V 0 3       4052   5.000000000000000e-001  2.500000000000000e-001  7.500000000000000e-001
 V 0 3       4053   1.000000000000000e+000  2.500000000000000e-001  7.500000000000000e-001
 V 0 3       4054   1.500000000000000e+000  2.500000000000000e-001  7.500000000000000e-001
 V 0 3       4055   2.000000000000000e+000  2.500000000000000e-001  7.500000000000000e-001
 V 0 3       4056   2.500000000000000e+000  2.500000000000000e-001  7.500000000000000e-001
 V 0 3       4057   3.000000000000000e+000  2.500000000000000e-001  7.500000000000000e-001
 V 0 3       4058   3.500000000000000e+000  2.500000000000000e-001  7.500000000000000e-001
 V 0 3       4059   4.000000000000000e+000  2.500000000000000e-001  7.500000000000000e-001
 V 0 3       4060   4.500000000000000e+000  2.500000000000000e-001  7.500000000000000e-001
 V 0 3       4061   5.000000000000000e+000  2.500000000000000e-001  7.500000000000000e-001
 V 0 3       4062   5.500000000000000e+000  2.500000000000000e-001  7.500000000000000e-001
 V 0 3       4063   6.000000000000000e+000  2.500000000000000e-001  7.500000000000000e-001
 V 0 3       4064   6.500000000000000e+000  2.500000000000000e-001  7.500000000000000e-001
 V 0 3       4065   7.000000000000000e+000  2.500000000000000e-001  7.500000000000000e-001
 V 0 3       4066   7.500000000000000e+000  2.500000000000000e-001  7.500000000000000e-001
 V 0 3       4067   8.000000000000000e+000  2.500000000000000e-001  7.500000000000000e-001
 V 0 3       4068   8.500000000000000e+000  2.500000000000000e-001  7.500000000000000e-001
 V 0 3       4069   9.000000000000000e+000  2.500000000000000e-001  7.500000000000000e-001
 V 0 3       4070   9.500000000000000e+000  2.500000000000000e-001  7.500000000000000e-001
 V 0 3       4071   1.000000000000000e+001  2.500000000000000e-001  7.500000000000000e-001
 V 0 3       4101   0.000000000000000e+000  5.000000000000000e-001  7.500000000000000e-001
 V 0 3       4102   5.000000000000000e-001  5.000000000000000e-001  7.500000000000000e-001
 V 0 3       4103   1.000000000000000e+000  5.000000000000000e-001  7.500000000000000e-001
 V 0 3       4104   1.500000000000000e+000  5.000000000000000e-001  7.500000000000000e-001
 V 0 3       4105   2.000000000000000e+000  5.000000000000000e-001  7.500000000000000e-001
 V 0 3       4106   2.500000000000000e+000  5.000000000000000e-001  7.500000000000000e-001
 V 0 3       4107   3.000000000000000e+000  5.000000000000000e-001  7.500000000000000e-001
 V 0 3       4108   3.500000000000000e+000  5.000000000000000e-001  7.500000000000000e-001
 V 0 3       4109   4.000000000000000e+000  5.000000000000000e-001  7.500000000000000e-001
 V 0 3       4110   4.500000000000000e+000  5.000000000000000e-001  7.500000000000000e-001
 V 0 3       4111   5.000000000000000e+000  5.000000000000000e-001  7.500000000000000e-001
 V 0 3       4112   5.500000000000000e+000  5.000000000000000e-001  7.500000000000000e-001
 V 0 3       4113   6.000000000000000e+000  5.000000000000000e-001  7.500000000000000e-001
 V 0 3       4114   6.500000000000000e+000  5.000000000000000e-001  7.500000000000000e-001
 V 0 3       4115   7.000000000000000e+000  5.000000000000000e-001  7.500000000000000e-001
 V 0 3       4116   7.500000000000000e+000  5.000000000000000e-001  7.500000000000000e-001
 V 0 3       4117   8.000000000000000e+000  5.000000000000000e-001  7.500000000000000e-001
 V 0 3       4118   8.500000000000000e+000  5.000000000000000e-001  7.500000000000000e-001
 V 0 3       4119   9.000000000000000e+000  5.000000000000000e-001  7.500000000000000e-001
 V 0 3       4120   9.500000000000000e+000  5.000000000000000e-001  7.500000000000000e-001
 V 0 3       4121   1.000000000000000e+001  5.000000000000000e-001  7.500000000000000e-001
 V 0 3       4151   0.000000000000000e+000  7.500000000000000e-001  7.500000000000000e-001
 V 0 3       4152   5.000000000000000e-001  7.500000000000000e-001  7.500000000000000e-001
 V 0 3       4153   1.000000000000000e+000  7.500000000000000e-001  7.500000000000000e-001
 V 0 3       4154   1.500000000000000e+000  7.500000000000000e-001  7.500000000000000e-001
 V 0 3       4155   2.000000000000000e+000  7.500000000000000e-001  7.500000000000000e-001
 V 0 3       4156   2.500000000000000e+000  7.500000000000000e-001  7.500000000000000e-001
 V 0 3       4157   3.000000000000000e+000  7.500000000000000e-001  7.500000000000000e-001
 V 0 3       4158   3.500000000000000e+000  7.500000000000000e-001  7.500000000000000e-001
 V 0 3       4159   4.000000000000000e+000  7.500000000000000e-001  7.500000000000000e-001
 V 0 3       4160   4.500000000000000e+000  7.500000000000000e-001  7.500000000000000e-001
 V 0 3       4161   5.000000000000000e+000  7.500000000000000e-001  7.500000000000000e-001
 V 0 3       4162   5.500000000000000e+000  7.500000000000000e-001  7.500000000000000e-001
 V 0 3       4163   6.000000000000000e+000  7.500000000000000e-001  7.500000000000000e-001
 V 0 3       4164   6.500000000000000e+000  7.500000000000000e-001  7.500000000000000e-001
 V 0 3       4165   7.000000000000000e+000  7.500000000000000e-001  7.500000000000000e-001
 V 0 3       4166   7.500000000000000e+000  7.500000000000000e-001  7.500000000000000e-001
 V 0 3       4167   8.000000000000000e+000  7.500000000000000e-001  7.500000000000000e-001
 V 0 3       4168   8.500000000000000e+000  7.500000000000000e-001  7.500000000000000e-001
 V 0 3       4169   9.000000000000000e+000  7.500000000000000e-001  7.500000000000000e-001
 V 0 3       4170   9.500000000000000e+000  7.500000000000000e-001  7.500000000000000e-001
 V 0 3       4171   1.000000000000000e+001  7.500000000000000e-001  7.500000000000000e-001
 V 0 3       4201   0.000000000000000e+000  1.000000000000000e+000  7.500000000000000e-001
 V 0 3       4202   5.000000000000000e-001  1.000000000000000e+000  7.500000000000000e-001
 V 0 3       4203   1.000000000000000e+000  1.000000000000000e+000  7.500000000000000e-001
 V 0 3       4204   1.500000000000000e+000  1.000000000000000e+000  7.500000000000000e-001
 V 0 3       4205   2.000000000000000e+000  1.000000000000000e+000  7.500000000000000e-001
 V 0 3       4206   2.500000000000000e+000  1.000000000000000e+000  7.500000000000000e-001
 V 0 3       4207   3.000000000000000e+000  1.000000000000000e+000  7.500000000000000e-001
 V 0 3       4208   3.500000000000000e+000  1.000000000000000e+000  7.500000000000000e-001
 V 0 3       4209   4.000000000000000e+000  1.000000000000000e+000  7.500000000000000e-001
 V 0 3       4210   4.500000000000000e+000  1.000000000000000e+000  7.500000000000000e-001
 V 0 3       4211   5.000000000000000e+000  1.000000000000000e+000  7.500000000000000e-001
 V 0 3       4212   5.500000000000000e+000  1.000000000000000e+000  7.500000000000000e-001
 V 0 3       4213   6.000000000000000e+000  1.000000000000000e+000  7.500000000000000e-001
 V 0 3       4214   6.500000000000000e+000  1.000000000000000e+000  7.500000000000000e-001
 V 0 3       4215   7.000000000000000e+000  1.000000000000000e+000  7.500000000000000e-001
 V 0 3       4216   7.500000000000000e+000  1.000000000000000e+000  7.500000000000000e-001
 V 0 3       4217   8.000000000000000e+000  1.000000000000000e+000  7.500000000000000e-001
 V 0 3       4218   8.500000000000000e+000  1.000000000000000e+000  7.500000000000000e-001
 V 0 3       4219   9.000000000000000e+000  1.000000000000000e+000  7.500000000000000e-001
 V 0 3       4220   9.500000000000000e+000  1.000000000000000e+000  7.500000000000000e-001
 V 0 3       4221   1.000000000000000e+001  1.000000000000000e+000  7.500000000000000e-001
 V 0 3       5001   0.000000000000000e+000  0.000000000000000e+000  1.000000000000000e+000
 V 0 3       5002   5.000000000000000e-001  0.000000000000000e+000  1.000000000000000e+000
 V 0 3       5003   1.000000000000000e+000  0.000000000000000e+000  1.000000000000000e+000
 V 0 3       5004   1.500000000000000e+000  0.000000000000000e+000  1.000000000000000e+000
 V 0 3       5005   2.000000000000000e+000  0.000000000000000e+000  1.000000000000000e+000
 V 0 3       5006   2.500000000000000e+000  0.000000000000000e+000  1.000000000000000e+000
 V 0 3       5007   3.000000000000000e+000  0.000000000000000e+000  1.000000000000000e+000
 V 0 3       5008   3.500000000000000e+000  0.000000000000000e+000  1.000000000000000e+000
 V 0 3       5009   4.000000000000000e+000  0.000000000000000e+000  1.000000000000000e+000
 V 0 3       5010   4.500000000000000e+000  0.000000000000000e+000  1.000000000000000e+000
 V 0 3       5011   5.000000000000000e+000  0.000000000000000e+000  1.000000000000000e+000
 V 0 3       5012   5.500000000000000e+000  0.000000000000000e+000  1.000000000000000e+000
 V 0 3       5013   6.000000000000000e+000  0.000000000000000e+000  1.000000000000000e+000
 V 0 3       5014   6.500000000000000e+000  0.000000000000000e+000  1.000000000000000e+000
 V 0 3       5015   7.000000000000000e+000  0.000000000000000e+000  1.000000000000000e+000
 V 0 3       5016   7.500000000000000e+000  0.000000000000000e+000  1.000000000000000e+000
 V 0 3       5017   8.000000000000000e+000  0.000000000000000e+000  1.000000000000000e+000
 V 0 3       5018   8.500000000000000e+000  0.000000000000000e+000  1.000000000000000e+000
 V 0 3       5019   9.000000000000000e+000  0.000000000000000e+000  1.000000000000000e+000
 V 0 3       5020   9.500000000000000e+000  0.000000000000000e+000  1.000000000000000e+000
 V 0 3       5021   1.000000000000000e+001  0.000000000000000e+000  1.000000000000000e+000
 V 0 3       5051   0.000000000000000e+000  2.500000000000000e-001  1.000000000000000e+000
 V 0 3       5052   5.000000000000000e-001  2.500000000000000e-001  1.000000000000000e+000
 V 0 3       5053   1.000000000000000e+000  2.500000000000000e-001  1.000000000000000e+000
 V 0 3       5054   1.500000000000000e+000  2.500000000000000e-001  1.000000000000000e+000
 V 0 3       5055   2.000000000000000e+000  2.500000000000000e-001  1.000000000000000e+000
 V 0 3       5056   2.500000000000000e+000  2.500000000000000e-001  1.000000000000000e+000
 V 0 3       5057   3.000000000000000e+000  2.500000000000000e-001  1.000000000000000e+000
 V 0 3       5058   3.500000000000000e+000  2.500000000000000e-001  1.000000000000000e+000
 V 0 3       5059   4.000000000000000e+000  2.500000000000000e-001  1.000000000000000e+000
 V 0 3       5060   4.500000000000000e+000  2.500000000000000e-001  1.000000000000000e+000
 V 0 3       5061   5.000000000000000e+000  2.500000000000000e-001  1.000000000000000e+000
 V 0 3       5062   5.500000000000000e+000  2.500000000000000e-001  1.000000000000000e+000
 V 0 3       5063   6.000000000000000e+000  2.500000000000000e-001  1.000000000000000e+000
 V 0 3       5064   6.500000000000000e+000  2.500000000000000e-001  1.000000000000000e+000
 V 0 3       5065   7.000000000000000e+000  2.500000000000000e-001  1.000000000000000e+000
 V 0 3       5066   7.500000000000000e+000  2.500000000000000e-001  1.000000000000000e+000
 V 0 3       5067   8.000000000000000e+000  2.500000000000000e-001  1.000000000000000e+000
 V 0 3       5068   8.500000000000000e+000  2.500000000000000e-001  1.000000000000000e+000
 V 0 3       5069   9.000000000000000e+000  2.500000000000000e-001  1.000000000000000e+000
 V 0 3       5070   9.500000000000000e+000  2.500000000000000e-001  1.000000000000000e+000
 V 0 3       5071   1.000000000000000e+001  2.500000000000000e-001  1.000000000000000e+000
 V 0 3       5101   0.000000000000000e+000  5.000000000000000e-001  1.000000000000000e+000
 V 0 3       5102   5.000000000000000e-001  5.000000000000000e-001  1.000000000000000e+000
 V 0 3       5103   1.000000000000000e+000  5.000000000000000e-001  1.000000000000000e+000
 V 0 3       5104   1.500000000000000e+000  5.000000000000000e-001  1.000000000000000e+000
 V 0 3       5105   2.000000000000000e+000  5.000000000000000e-001  1.000000000000000e+000
 V 0 3       5106   2.500000000000000e+000  5.000000000000000e-001  1.000000000000000e+000
 V 0 3       5107   3.000000000000000e+000  5.000000000000000e-001  1.000000000000000e+000
 V 0 3       5108   3.500000000000000e+000  5.000000000000000e-001  1.000000000000000e+000
 V 0 3       5109   4.000000000000000e+000  5.000000000000000e-001  1.000000000000000e+000
 V 0 3       5110   4.500000000000000e+000  5.000000000000000e-001  1.000000000000000e+000
 V 0 3       5111   5.000000000000000e+000  5.000000000000000e-001  1.000000000000000e+000
 V 0 3       5112   5.500000000000000e+000  5.000000000000000e-001  1.000000000000000e+000
 V 0 3       5113   6.000000000000000e+000  5.000000000000000e-001  1.000000000000000e+000
 V 0 3       5114   6.500000000000000e+000  5.000000000000000e-001  1.000000000000000e+000
 V 0 3       5115   7.000000000000000e+000  5.000000000000000e-001  1.000000000000000e+000
 V 0 3       5116   7.500000000000000e+000  5.000000000000000e-001  1.000000000000000e+000
 V 0 3       5117   8.000000000000000e+000  5.000000000000000e-001  1.000000000000000e+000
 V 0 3       5118   8.500000000000000e+000  5.000000000000000e-001  1.000000000000000e+000
 V 0 3       5119   9.000000000000000e+000  5.000000000000000e-001  1.000000000000000e+000
 V 0 3       5120   9.500000000000000e+000  5.000000000000000e-001  1.000000000000000e+000
 V 0 3       5121   1.000000000000000e+001  5.000000000000000e-001  1.000000000000000e+000
 V 0 3       5151   0.000000000000000e+000  7.500000000000000e-001  1.000000000000000e+000
 V 0 3       5152   5.000000000000000e-001  7.500000000000000e-001  1.000000000000000e+000
 V 0 3       5153   1.000000000000000e+000  7.500000000000000e-001  1.000000000000000e+000
 V 0 3       5154   1.500000000000000e+000  7.500000000000000e-001  1.000000000000000e+000
 V 0 3       5155   2.000000000000000e+000  7.500000000000000e-001  1.000000000000000e+000
 V 0 3       5156   2.500000000000000e+000  7.500000000000000e-001  1.000000000000000e+000
 V 0 3       5157   3.000000000000000e+000  7.500000000000000e-001  1.000000000000000e+000
 V 0 3       5158   3.500000000000000e+000  7.500000000000000e-001  1.000000000000000e+000
 V 0 3       5159   4.000000000000000e+000  7.500000000000000e-001  1.000000000000000e+000
 V 0 3       5160   4.500000000000000e+000  7.500000000000000e-001  1.000000000000000e+000
 V 0 3       5161   5.000000000000000e+000  7.500000000000000e-001  1.000000000000000e+000
 V 0 3       5162   5.500000000000000e+000  7.500000000000000e-001  1.000000000000000e+000
 V 0 3       5163   6.000000000000000e+000  7.500000000000000e-001  1.000000000000000e+000
 V 0 3       5164   6.500000000000000e+000  7.500000000000000e-001  1.000000000000000e+000
 V 0 3       5165   7.000000000000000e+000  7.500000000000000e-001  1.000000000000000e+000
 V 0 3       5166   7.500000000000000e+000  7.500000000000000e-001  1.000000000000000e+000
 V 0 3       5167   8.000000000000000e+000  7.500000000000000e-001  1.000000000000000e+000
 V 0 3       5168   8.500000000000000e+000  7.500000000000000e-001  1.000000000000000e+000
 V 0 3       5169   9.000000000000000e+000  7.500000000000000e-001  1.000000000000000e+000
 V 0 3       5170   9.500000000000000e+000  7.500000000000000e-001  1.000000000000000e+000
 V 0 3       5171   1.000000000000000e+001  7.500000000000000e-001  1.000000000000000e+000
 V 0 3       5201   0.000000000000000e+000  1.000000000000000e+000  1.000000000000000e+000
 V 0 3       5202   5.000000000000000e-001  1.000000000000000e+000  1.000000000000000e+000
 V 0 3       5203   1.000000000000000e+000  1.000000000000000e+000  1.000000000000000e+000
 V 0 3       5204   1.500000000000000e+000  1.000000000000000e+000  1.000000000000000e+000
 V 0 3       5205   2.000000000000000e+000  1.000000000000000e+000  1.000000000000000e+000
 V 0 3       5206   2.500000000000000e+000  1.000000000000000e+000  1.000000000000000e+000
 V 0 3       5207   3.000000000000000e+000  1.000000000000000e+000  1.000000000000000e+000
 V 0 3       5208   3.500000000000000e+000  1.000000000000000e+000  1.000000000000000e+000
 V 0 3       5209   4.000000000000000e+000  1.000000000000000e+000  1.000000000000000e+000
 V 0 3       5210   4.500000000000000e+000  1.000000000000000e+000  1.000000000000000e+000
 V 0 3       5211   5.000000000000000e+000  1.000000000000000e+000  1.000000000000000e+000
 V 0 3       5212   5.500000000000000e+000  1.000000000000000e+000  1.000000000000000e+000
 V 0 3       5213   6.000000000000000e+000  1.000000000000000e+000  1.000000000000000e+000
 V 0 3       5214   6.500000000000000e+000  1.000000000000000e+000  1.000000000000000e+000
 V 0 3       5215   7.000000000000000e+000  1.000000000000000e+000  1.000000000000000e+000
 V 0 3       5216   7.500000000000000e+000  1.000000000000000e+000  1.000000000000000e+000
 V 0 3       5217   8.000000000000000e+000  1.000000000000000e+000  1.000000000000000e+000
 V 0 3       5218   8.500000000000000e+000  1.000000000000000e+000  1.000000000000000e+000
 V 0 3       5219   9.000000000000000e+000  1.000000000000000e+000  1.000000000000000e+000
 V 0 3       5220   9.500000000000000e+000  1.000000000000000e+000  1.000000000000000e+000
 V 0 3       5221   1.000000000000000e+001  1.000000000000000e+000  1.000000000000000e+000
End

Element
 240 0 240 1
 Tetra2        1       1001      1003      1103      3101      1052      1002      1053      2051      2052      2102
 Tetra2        2       1001      1103      1101      3101      1051      1052      1102      2051      2102      2101
 Tetra2        3       1001      1003      3101      3001      2051      1002      2052      2001      2002      3051
 Tetra2        4       1003      1103      3101      3103      2052      1053      2102      2053      2103      3102
 Tetra2        5       1003      3103      3001      3003      2002      2053      3052      2003      3053      3002
 Tetra2        6       1003      3103      3101      3001      2052      2053      3102      2002      3052      3051
 Tetra2        7       1003      1005      1105      3103      1054      1004      1055      2053      2054      2104
 Tetra2        8       1003      1105      1103      3103      1053      1054      1104      2053      2104      2103
 Tetra2        9       1003      1005      3103      3003      2053      1004      2054      2003      2004      3053
 Tetra2       10       1005      1105      3103      3105      2054      1055      2104      2055      2105      3104
 Tetra2       11       1005      3105      3003      3005      2004      2055      3054      2005      3055      3004
 Tetra2       12       1005      3105      3103      3003      2054      2055      3104      2004      3054      3053
 Tetra2       13       1005      1007      1107      3105      1056      1006      1057      2055      2056      2106
 Tetra2       14       1005      1107      1105      3105      1055      1056      1106      2055      2106      2105
 Tetra2       15       1005      1007      3105      3005      2055      1006      2056      2005      2006      3055
 Tetra2       16       1007      1107      3105      3107      2056      1057      2106      2057      2107      3106
 Tetra2       17       1007      3107      3005      3007      2006      2057      3056      2007      3057      3006
 Tetra2       18       1007      3107      3105      3005      2056      2057      3106      2006      3056      3055
 Tetra2       19       1007      1009      1109      3107      1058      1008      1059      2057      2058      2108
 Tetra2       20       1007      1109      1107      3107      1057      1058      1108      2057      2108      2107
 Tetra2       21       1007      1009      3107      3007      2057      1008      2058      2007      2008      3057
 Tetra2       22       1009      1109      3107      3109      2058      1059      2108      2059      2109      3108
 Tetra2       23       1009      3109      3007      3009      2008      2059      3058      2009      3059      3008
 Tetra2       24       1009      3109      3107      3007      2058      2059      3108      2008      3058      3057
 Tetra2       25       1009      1011      1111      3109      1060      1010      1061      2059      2060      2110
 Tetra2       26       1009      1111      1109      3109      1059      1060      1110      2059      2110      2109
 Tetra2       27       1009      1011      3109      3009      2059      1010      2060      2009      2010      3059
 Tetra2       28       1011      1111      3109      3111      2060      1061      2110      2061      2111      3110
 Tetra2       29       1011      3111      3009      3011      2010      2061      3060      2011      3061      3010
 Tetra2       30       1011      3111      3109      3009      2060      2061      3110      2010      3060      3059
 Tetra2       31       1011      1013      1113      3111      1062      1012      1063      2061      2062      2112
 Tetra2       32       1011      1113      1111      3111      1061      1062      1112      2061      2112      2111
 Tetra2       33       1011      1013      3111      3011      2061      1012      2062      2011      2012      3061
 Tetra2       34       1013      1113      3111      3113      2062      1063      2112      2063      2113      3112
 Tetra2       35       1013      3113      3011      3013      2012      2063      3062      2013      3063      3012
 Tetra2       36       1013      3113      3111      3011      2062      2063      3112      2012      3062      3061
 Tetra2       37       1013      1015      1115      3113      1064      1014      1065      2063      2064      2114
 Tetra2       38       1013      1115      1113      3113      1063      1064      1114      2063      2114      2113
 Tetra2       39       1013      1015      3113      3013      2063      1014      2064      2013      2014      3063
 Tetra2       40       1015      1115      3113      3115      2064      1065      2114      2065      2115      3114
 Tetra2       41       1015      3115      3013      3015      2014      2065      3064      2015      3065      3014
 Tetra2       42       1015      3115      3113      3013      2064      2065      3114      2014      3064      3063
 Tetra2       43       1015      1017      1117      3115      1066      1016      1067      2065      2066      2116
 Tetra2       44       1015      1117      1115      3115      1065      1066      1116      2065      2116      2115
 Tetra2       45       1015      1017      3115      3015      2065      1016      2066      2015      2016      3065
 Tetra2       46       1017      1117      3115      3117      2066      1067      2116      2067      2117      3116
 Tetra2       47       1017      3117      3015      3017      2016      2067      3066      2017      3067      3016
 Tetra2       48       1017      3117      3115      3015      2066      2067      3116      2016      3066      3065
 Tetra2       49       1017      1019      1119      3117      1068      1018      1069      2067      2068      2118
 Tetra2       50       1017      1119      1117      3117      1067      1068      1118      2067      2118      2117
 Tetra2       51       1017      1019      3117      3017      2067      1018      2068      2017      2018      3067
 Tetra2       52       1019      1119      3117      3119      2068      1069      2118      2069      2119      3118
 Tetra2       53       1019      3119      3017      3019      2018      2069      3068      2019      3069      3018
 Tetra2       54       1019      3119      3117      3017      2068      2069      3118      2018      3068      3067
 Tetra2       55       1019      1021      1121      3119      1070      1020      1071      2069      2070      2120
 Tetra2       56       1019      1121      1119      3119      1069      1070      1120      2069      2120      2119
 Tetra2       57       1019      1021      3119      3019      2069      1020      2070      2019      2020      3069
 Tetra2       58       1021      1121      3119      3121      2070      1071      2120      2071      2121      3120
 Tetra2       59       1021      3121      3019      3021      2020      2071      3070      2021      3071      3020
 Tetra2       60       1021      3121      3119      3019      2070      2071      3120      2020      3070      3069
 Tetra2       61       1101      1103      1203      3201      1152      1102      1153      2151      2152      2202
 Tetra2       62       1101      1203      1201      3201      1151      1152      1202      2151      2202      2201
 Tetra2       63       1101      1103      3201      3101      2151      1102      2152      2101      2102      3151
 Tetra2       64       1103      1203      3201      3203      2152      1153      2202      2153      2203      3202
 Tetra2       65       1103      3203      3101      3103      2102      2153      3152      2103      3153      3102
 Tetra2       66       1103      3203      3201      3101      2152      2153      3202      2102      3152      3151
 Tetra2       67       1103      1105      1205      3203      1154      1104      1155      2153      2154      2204
 Tetra2       68       1103      1205      1203      3203      1153      1154      1204      2153      2204      2203
 Tetra2       69       1103      1105      3203      3103      2153      1104      2154      2103      2104      3153
 Tetra2       70       1105      1205      3203      3205      2154      1155      2204      2155      2205      3204
 Tetra2       71       1105      3205      3103      3105      2104      2155      3154      2105      3155      3104
 Tetra2       72       1105      3205      3203      3103      2154      2155      3204      2104      3154      3153
 Tetra2       73       1105      1107      1207      3205      1156      1106      1157      2155      2156      2206
 Tetra2       74       1105      1207      1205      3205      1155      1156      1206      2155      2206      2205
 Tetra2       75       1105      1107      3205      3105      2155      1106      2156      2105      2106      3155
 Tetra2       76       1107      1207      3205      3207      2156      1157      2206      2157      2207      3206
 Tetra2       77       1107      3207      3105      3107      2106      2157      3156      2107      3157      3106
 Tetra2       78       1107      3207      3205      3105      2156      2157      3206      2106      3156      3155
 Tetra2       79       1107      1109      1209      3207      1158      1108      1159      2157      2158      2208
 Tetra2       80       1107      1209      1207      3207      1157      1158      1208      2157      2208      2207
 Tetra2       81       1107      1109      3207      3107      2157      1108      2158      2107      2108      3157
 Tetra2       82       1109      1209      3207      3209      2158      1159      2208      2159      2209      3208
 Tetra2       83       1109      3209      3107      3109      2108      2159      3158      2109      3159      3108
 Tetra2       84       1109      3209      3207      3107      2158      2159      3208      2108      3158      3157
 Tetra2       85       1109      1111      1211      3209      1160      1110      1161      2159      2160      2210
 Tetra2       86       1109      1211      1209      3209      1159      1160      1210      2159      2210      2209
 Tetra2       87       1109      1111      3209      3109      2159      1110      2160      2109      2110      3159
 Tetra2       88       1111      1211      3209      3211      2160      1161      2210      2161      2211      3210
 Tetra2       89       1111      3211      3109      3111      2110      2161      3160      2111      3161      3110
 Tetra2       90       1111      3211      3209      3109      2160      2161      3210      2110      3160      3159
 Tetra2       91       1111      1113      1213      3211      1162      1112      1163      2161      2162      2212
 Tetra2       92       1111      1213      1211      3211      1161      1162      1212      2161      2212      2211
 Tetra2       93       1111      1113      3211      3111      2161      1112      2162      2111      2112      3161
 Tetra2       94       1113      1213      3211      3213      2162      1163      2212      2163      2213      3212
 Tetra2       95       1113      3213      3111      3113      2112      2163      3162      2113      3163      3112
 Tetra2       96       1113      3213      3211      3111      2162      2163      3212      2112      3162      3161
 Tetra2       97       1113      1115      1215      3213      1164      1114      1165      2163      2164      2214
 Tetra2       98       1113      1215      1213      3213      1163      1164      1214      2163      2214      2213
 Tetra2       99       1113      1115      3213      3113      2163      1114      2164      2113      2114      3163
 Tetra2      100       1115      1215      3213      3215      2164      1165      2214      2165      2215      3214
 Tetra2      101       1115      3215      3113      3115      2114      2165      3164      2115      3165      3114
 Tetra2      102       1115      3215      3213      3113      2164      2165      3214      2114      3164      3163
 Tetra2      103       1115      1117      1217      3215      1166      1116      1167      2165      2166      2216
 Tetra2      104       1115      1217      1215      3215      1165      1166      1216      2165      2216      2215
 Tetra2      105       1115      1117      3215      3115      2165      1116      2166      2115      2116      3165
 Tetra2      106       1117      1217      3215      3217      2166      1167      2216      2167      2217      3216
 Tetra2      107       1117      3217      3115      3117      2116      2167      3166      2117      3167      3116
 Tetra2      108       1117      3217      3215      3115      2166      2167      3216      2116      3166      3165
 Tetra2      109       1117      1119      1219      3217      1168      1118      1169      2167      2168      2218
 Tetra2      110       1117      1219      1217      3217      1167      1168      1218      2167      2218      2217
 Tetra2      111       1117      1119      3217      3117      2167      1118      2168      2117      2118      3167
 Tetra2      112       1119      1219      3217      3219      2168      1169      2218      2169      2219      3218
 Tetra2      113       1119      3219      3117      3119      2118      2169      3168      2119      3169      3118
 Tetra2      114       1119      3219      3217      3117      2168      2169      3218      2118      3168      3167
 Tetra2      115       1119      1121      1221      3219      1170      1120      1171      2169      2170      2220
 Tetra2      116       1119      1221      1219      3219      1169      1170      1220      2169      2220      2219
 Tetra2      117       1119      1121      3219      3119      2169      1120      2170      2119      2120      3169
 Tetra2      118       1121      1221      3219      3221      2170      1171      2220      2171      2221      3220
 Tetra2      119       1121      3221      3119      3121      2120      2171      3170      2121      3171      3120
 Tetra2      120       1121      3221      3219      3119      2170      2171      3220      2120      3170      3169
 Tetra2      121       3001      3003      3103      5101      3052      3002      3053      4051      4052      4102
 Tetra2      122       3001      3103      3101      5101      3051      3052      3102      4051      4102      4101
 Tetra2      123       3001      3003      5101      5001      4051      3002      4052      4001      4002      5051
 Tetra2      124       3003      3103      5101      5103      4052      3053      4102      4053      4103      5102
 Tetra2      125       3003      5103      5001      5003      4002      4053      5052      4003      5053      5002
 Tetra2      126       3003      5103      5101      5001      4052      4053      5102      4002      5052      5051
 Tetra2      127       3003      3005      3105      5103      3054      3004      3055      4053      4054      4104
 Tetra2      128       3003      3105      3103      5103      3053      3054      3104      4053      4104      4103
 Tetra2      129       3003      3005      5103      5003      4053      3004      4054      4003      4004      5053
 Tetra2      130       3005      3105      5103      5105      4054      3055      4104      4055      4105      5104
 Tetra2      131       3005      5105      5003      5005      4004      4055      5054      4005      5055      5004
 Tetra2      132       3005      5105      5103      5003      4054      4055      5104      4004      5054      5053
 Tetra2      133       3005      3007      3107      5105      3056      3006      3057      4055      4056      4106
 Tetra2      134       3005      3107      3105      5105      3055      3056      3106      4055      4106      4105
 Tetra2      135       3005      3007      5105      5005      4055      3006      4056      4005      4006      5055
 Tetra2      136       3007      3107      5105      5107      4056      3057      4106      4057      4107      5106
 Tetra2      137       3007      5107      5005      5007      4006      4057      5056      4007      5057      5006
 Tetra2      138       3007      5107      5105      5005      4056      4057      5106      4006      5056      5055
 Tetra2      139       3007      3009      3109      5107      3058      3008      3059      4057      4058      4108
 Tetra2      140       3007      3109      3107      5107      3057      3058      3108      4057      4108      4107
 Tetra2      141       3007      3009      5107      5007      4057      3008      4058      4007      4008      5057
 Tetra2      142       3009      3109      5107      5109      4058      3059      4108      4059      4109      5108
 Tetra2      143       3009      5109      5007      5009      4008      4059      5058      4009      5059      5008
 Tetra2      144       3009      5109      5107      5007      4058      4059      5108      4008      5058      5057
 Tetra2      145       3009      3011      3111      5109      3060      3010      3061      4059      4060      4110
 Tetra2      146       3009      3111      3109      5109      3059      3060      3110      4059      4110      4109
 Tetra2      147       3009      3011      5109      5009      4059      3010      4060      4009      4010      5059
 Tetra2      148       3011      3111      5109      5111      4060      3061      4110      4061      4111      5110
 Tetra2      149       3011      5111      5009      5011      4010      4061      5060      4011      5061      5010
 Tetra2      150       3011      5111      5109      5009      4060      4061      5110      4010      5060      5059
 Tetra2      151       3011      3013      3113      5111      3062      3012      3063      4061      4062      4112
 Tetra2      152       3011      3113      3111      5111      3061      3062      3112      4061      4112      4111
 Tetra2      153       3011      3013      5111      5011      4061      3012      4062      4011      4012      5061
 Tetra2      154       3013      3113      5111      5113      4062      3063      4112      4063      4113      5112
 Tetra2      155       3013      5113      5011      5013      4012      4063      5062      4013      5063      5012
 Tetra2      156       3013      5113      5111      5011      4062      4063      5112      4012      5062      5061
 Tetra2      157       3013      3015      3115      5113      3064      3014      3065      4063      4064      4114
 Tetra2      158       3013      3115      3113      5113      3063      3064      3114      4063      4114      4113
 Tetra2      159       3013      3015      5113      5013      4063      3014      4064      4013      4014      5063
 Tetra2      160       3015      3115      5113      5115      4064      3065      4114      4065      4115      5114
 Tetra2      161       3015      5115      5013      5015      4014      4065      5064      4015      5065      5014
 Tetra2      162       3015      5115      5113      5013      4064      4065      5114      4014      5064      5063
 Tetra2      163       3015      3017      3117      5115      3066      3016      3067      4065      4066      4116
 Tetra2      164       3015      3117      3115      5115      3065      3066      3116      4065      4116      4115
 Tetra2      165       3015      3017      5115      5015      4065      3016      4066      4015      4016      5065
 Tetra2      166       3017      3117      5115      5117      4066      3067      4116      4067      4117      5116
 Tetra2      167       3017      5117      5015      5017      4016      4067      5066      4017      5067      5016
 Tetra2      168       3017      5117      5115      5015      4066      4067      5116      4016      5066      5065
 Tetra2      169       3017      3019      3119      5117      3068      3018      3069      4067      4068      4118
 Tetra2      170       3017      3119      3117      5117      3067      3068      3118      4067      4118      4117
 Tetra2      171       3017      3019      5117      5017      4067      3018      4068      4017      4018      5067
 Tetra2      172       3019      3119      5117      5119      4068      3069      4118      4069      4119      5118
 Tetra2      173       3019      5119      5017      5019      4018      4069      5068      4019      5069      5018
 Tetra2      174       3019      5119      5117      5017      4068      4069      5118      4018      5068      5067
 Tetra2      175       3019      3021      3121      5119      3070      3020      3071      4069      4070      4120
 Tetra2      176       3019      3121      3119      5119      3069      3070      3120      4069      4120      4119
 Tetra2      177       3019      3021      5119      5019      4069      3020      4070      4019      4020      5069
 Tetra2      178       3021      3121      5119      5121      4070      3071      4120      4071      4121      5120
 Tetra2      179       3021      5121      5019      5021      4020      4071      5070      4021      5071      5020
 Tetra2      180       3021      5121      5119      5019      4070      4071      5120      4020      5070      5069
 Tetra2      181       3101      3103      3203      5201      3152      3102      3153      4151      4152      4202
 Tetra2      182       3101      3203      3201      5201      3151      3152      3202      4151      4202      4201
 Tetra2      183       3101      3103      5201      5101      4151      3102      4152      4101      4102      5151
 Tetra2      184       3103      3203      5201      5203      4152      3153      4202      4153      4203      5202
 Tetra2      185       3103      5203      5101      5103      4102      4153      5152      4103      5153      5102
 Tetra2      186       3103      5203      5201      5101      4152      4153      5202      4102      5152      5151
 Tetra2      187       3103      3105      3205      5203      3154      3104      3155      4153      4154      4204
 Tetra2      188       3103      3205      3203      5203      3153      3154      3204      4153      4204      4203
 Tetra2      189       3103      3105      5203      5103      4153      3104      4154      4103      4104      5153
 Tetra2      190       3105      3205      5203      5205      4154      3155      4204      4155      4205      5204
 Tetra2      191       3105      5205      5103      5105      4104      4155      5154      4105      5155      5104
 Tetra2      192       3105      5205      5203      5103      4154      4155      5204      4104      5154      5153
 Tetra2      193       3105      3107      3207      5205      3156      3106      3157      4155      4156      4206
 Tetra2      194       3105      3207      3205      5205      3155      3156      3206      4155      4206      4205
 Tetra2      195       3105      3107      5205      5105      4155      3106      4156      4105      4106      5155
 Tetra2      196       3107      3207      5205      5207      4156      3157      4206      4157      4207      5206
 Tetra2      197       3107      5207      5105      5107      4106      4157      5156      4107      5157      5106
 Tetra2      198       3107      5207      5205      5105      4156      4157      5206      4106      5156      5155
 Tetra2      199       3107      3109      3209      5207      3158      3108      3159      4157      4158      4208
 Tetra2      200       3107      3209      3207      5207      3157      3158      3208      4157      4208      4207
 Tetra2      201       3107      3109      5207      5107      4157      3108      4158      4107      4108      5157
 Tetra2      202       3109      3209      5207      5209      4158      3159      4208      4159      4209      5208
 Tetra2      203       3109      5209      5107      5109      4108      4159      5158      4109      5159      5108
 Tetra2      204       3109      5209      5207      5107      4158      4159      5208      4108      5158      5157
 Tetra2      205       3109      3111      3211      5209      3160      3110      3161      4159      4160      4210
 Tetra2      206       3109      3211      3209      5209      3159      3160      3210      4159      4210      4209
 Tetra2      207       3109      3111      5209      5109      4159      3110      4160      4109      4110      5159
 Tetra2      208       3111      3211      5209      5211      4160      3161      4210      4161      4211      5210
 Tetra2      209       3111      5211      5109      5111      4110      4161      5160      4111      5161      5110
 Tetra2      210       3111      5211      5209      5109      4160      4161      5210      4110      5160      5159
 Tetra2      211       3111      3113      3213      5211      3162      3112      3163      4161      4162      4212
 Tetra2      212       3111      3213      3211      5211      3161      3162      3212      4161      4212      4211
 Tetra2      213       3111      3113      5211      5111      4161      3112      4162      4111      4112      5161
 Tetra2      214       3113      3213      5211      5213      4162      3163      4212      4163      4213      5212
 Tetra2      215       3113      5213      5111      5113      4112      4163      5162      4113      5163      5112
 Tetra2      216       3113      5213      5211      5111      4162      4163      5212      4112      5162      5161
 Tetra2      217       3113      3115      3215      5213      3164      3114      3165      4163      4164      4214
 Tetra2      218       3113      3215      3213      5213      3163      3164      3214      4163      4214      4213
 Tetra2      219       3113      3115      5213      5113      4163      3114      4164      4113      4114      5163
 Tetra2      220       3115      3215      5213      5215      4164      3165      4214      4165      4215      5214
 Tetra2      221       3115      5215      5113      5115      4114      4165      5164      4115      5165      5114
 Tetra2      222       3115      5215      5213      5113      4164      4165      5214      4114      5164      5163
 Tetra2      223       3115      3117      3217      5215      3166      3116      3167      4165      4166      4216
 Tetra2      224       3115      3217      3215      5215      3165      3166      3216      4165      4216      4215
 Tetra2      225       3115      3117      5215      5115      4165      3116      4166      4115      4116      5165
 Tetra2      226       3117      3217      5215      5217      4166      3167      4216      4167      4217      5216
 Tetra2      227       3117      5217      5115      5117      4116      4167      5166      4117      5167      5116
 Tetra2      228       3117      5217      5215      5115      4166      4167      5216      4116      5166      5165
 Tetra2      229       3117      3119      3219      5217      3168      3118      3169      4167      4168      4218
 Tetra2      230       3117      3219      3217      5217      3167      3168      3218      4167      4218      4217
 Tetra2      231       3117      3119      5217      5117      4167      3118      4168      4117      4118      5167
 Tetra2      232       3119      3219      5217      5219      4168      3169      4218      4169      4219      5218
 Tetra2      233       3119      5219      5117      5119      4118      4169      5168      4119      5169      5118
 Tetra2      234       3119      5219      5217      5117      4168      4169      5218      4118      5168      5167
 Tetra2      235       3119      3121      3221      5219      3170      3120      3171      4169      4170      4220
 Tetra2      236       3119      3221      3219      5219      3169      3170      3220      4169      4220      4219
 Tetra2      237       3119      3121      5219      5119      4169      3120      4170      4119      4120      5169
 Tetra2      238       3121      3221      5219      5221      4170      3171      4220      4171      4221      5220
 Tetra2      239       3121      5221      5119      5121      4120      4171      5170      4121      5171      5120
 Tetra2      240       3121      5221      5219      5119      4170      4171      5220      4120      5170      5169
End

BoundaryNodeMesh
 0 2
 0 Dirichlet FIX 0
 1 Neumann CL1 0
End

BoundaryNode
 0 Dirichlet 0 25
         0      1001  0.000000000000000e+000  0.000000000000000e+000  0.000000000000000e+000 0   0.000000
         1      1051  0.000000000000000e+000  2.500000000000000e-001  0.000000000000000e+000 0   0.000000
         2      1101  0.000000000000000e+000  5.000000000000000e-001  0.000000000000000e+000 0   0.000000
         3      1151  0.000000000000000e+000  7.500000000000000e-001  0.000000000000000e+000 0   0.000000
         4      1201  0.000000000000000e+000  1.000000000000000e+000  0.000000000000000e+000 0   0.000000
         5      2001  0.000000000000000e+000  0.000000000000000e+000  2.500000000000000e-001 0   0.000000
         6      2051  0.000000000000000e+000  2.500000000000000e-001  2.500000000000000e-001 0   0.000000
         7      2101  0.000000000000000e+000  5.000000000000000e-001  2.500000000000000e-001 0   0.000000
         8      2151  0.000000000000000e+000  7.500000000000000e-001  2.500000000000000e-001 0   0.000000
         9      2201  0.000000000000000e+000  1.000000000000000e+000  2.500000000000000e-001 0   0.000000
        10      3001  0.000000000000000e+000  0.000000000000000e+000  5.000000000000000e-001 0   0.000000
        11      3051  0.000000000000000e+000  2.500000000000000e-001  5.000000000000000e-001 0   0.000000
        12      3101  0.000000000000000e+000  5.000000000000000e-001  5.000000000000000e-001 0   0.000000
        13      3151  0.000000000000000e+000  7.500000000000000e-001  5.000000000000000e-001 0   0.000000
        14      3201  0.000000000000000e+000  1.000000000000000e+000  5.000000000000000e-001 0   0.000000
        15      4001  0.000000000000000e+000  0.000000000000000e+000  7.500000000000000e-001 0   0.000000
        16      4051  0.000000000000000e+000  2.500000000000000e-001  7.500000000000000e-001 0   0.000000
        17      4101  0.000000000000000e+000  5.000000000000000e-001  7.500000000000000e-001 0   0.000000
        18      4151  0.000000000000000e+000  7.500000000000000e-001  7.500000000000000e-001 0   0.000000
        19      4201  0.000000000000000e+000  1.000000000000000e+000  7.500000000000000e-001 0   0.000000
        20      5001  0.000000000000000e+000  0.000000000000000e+000  1.000000000000000e+000 0   0.000000
        21      5051  0.000000000000000e+000  2.500000000000000e-001  1.000000000000000e+000 0   0.000000
        22      5101  0.000000000000000e+000  5.000000000000000e-001  1.000000000000000e+000 0   0.000000
        23      5151  0.000000000000000e+000  7.500000000000000e-001  1.000000000000000e+000 0   0.000000
        24      5201  0.000000000000000e+000  1.000000000000000e+000  1.000000000000000e+000 0   0.000000
End

BoundaryNode
 1 Neumann 0 1
         0      3121  1.000000000000000e+001  5.000000000000000e-001  5.000000000000000e-001 0   0.000000
End

ElementGroup
 0 EALL 0
End

ElementGroupEntity
 0 0
 1 2 3 4 5 6
 7 8 9 10 11
 12 13 14 15 16
 17 18 19 20 21
 22 23 24 25 26
 27 28 29 30 31
 32 33 34 35 36
 37 38 39 40 41
 42 43 44 45 46
 47 48 49 50 51
 52 53 54 55 56
 57 58 59 60 61
 62 63 64 65 66
 67 68 69 70 71
 72 73 74 75 76
 77 78 79 80 81
 82 83 84 85 86
 87 88 89 90 91
 92 93 94 95 96
 97 98 99 100 101
 102 103 104 105 106
 107 108 109 110 111
 112 113 114 115 116
 117 118 119 120 121
 122 123 124 125 126
 127 128 129 130 131
 132 133 134 135 136
 137 138 139 140 141
 142 143 144 145 146
 147 148 149 150 151
 152 153 154 155 156
 157 158 159 160 161
 162 163 164 165 166
 167 168 169 170 171
 172 173 174 175 176
 177 178 179 180 181
 182 183 184 185 186
 187 188 189 190 191
 192 193 194 195 196
 197 198 199 200 201
 202 203 204 205 206
 207 208 209 210 211
 212 213 214 215 216
 217 218 219 220 221
 222 223 224 225 226
 227 228 229 230 231
 232 233 234 235 236
 237 238 239 240
End

