//----------------------------------------      
//      converted mesh data                     
// output format  "MW3 mesh ver 0.4" 
//----------------------------------------      

Version 
  MW3_0.4 
End 

AssyModel
 1 0 0
   0 0
   0
End

Node
 99 0 5221 1001
 V 0 3       1001   0.000000000000000e+000  0.000000000000000e+000  0.000000000000000e+000
 V 0 3       1003   1.000000000000000e+000  0.000000000000000e+000  0.000000000000000e+000
 V 0 3       1005   2.000000000000000e+000  0.000000000000000e+000  0.000000000000000e+000
 V 0 3       1007   3.000000000000000e+000  0.000000000000000e+000  0.000000000000000e+000
 V 0 3       1009   4.000000000000000e+000  0.000000000000000e+000  0.000000000000000e+000
 V 0 3       1011   5.000000000000000e+000  0.000000000000000e+000  0.000000000000000e+000
 V 0 3       1013   6.000000000000000e+000  0.000000000000000e+000  0.000000000000000e+000
 V 0 3       1015   7.000000000000000e+000  0.000000000000000e+000  0.000000000000000e+000
 V 0 3       1017   8.000000000000000e+000  0.000000000000000e+000  0.000000000000000e+000
 V 0 3       1019   9.000000000000000e+000  0.000000000000000e+000  0.000000000000000e+000
 V 0 3       1021   1.000000000000000e+001  0.000000000000000e+000  0.000000000000000e+000
 V 0 3       1101   0.000000000000000e+000  5.000000000000000e-001  0.000000000000000e+000
 V 0 3       1103   1.000000000000000e+000  5.000000000000000e-001  0.000000000000000e+000
 V 0 3       1105   2.000000000000000e+000  5.000000000000000e-001  0.000000000000000e+000
 V 0 3       1107   3.000000000000000e+000  5.000000000000000e-001  0.000000000000000e+000
 V 0 3       1109   4.000000000000000e+000  5.000000000000000e-001  0.000000000000000e+000
 V 0 3       1111   5.000000000000000e+000  5.000000000000000e-001  0.000000000000000e+000
 V 0 3       1113   6.000000000000000e+000  5.000000000000000e-001  0.000000000000000e+000
 V 0 3       1115   7.000000000000000e+000  5.000000000000000e-001  0.000000000000000e+000
 V 0 3       1117   8.000000000000000e+000  5.000000000000000e-001  0.000000000000000e+000
 V 0 3       1119   9.000000000000000e+000  5.000000000000000e-001  0.000000000000000e+000
 V 0 3       1121   1.000000000000000e+001  5.000000000000000e-001  0.000000000000000e+000
 V 0 3       1201   0.000000000000000e+000  1.000000000000000e+000  0.000000000000000e+000
 V 0 3       1203   1.000000000000000e+000  1.000000000000000e+000  0.000000000000000e+000
 V 0 3       1205   2.000000000000000e+000  1.000000000000000e+000  0.000000000000000e+000
 V 0 3       1207   3.000000000000000e+000  1.000000000000000e+000  0.000000000000000e+000
 V 0 3       1209   4.000000000000000e+000  1.000000000000000e+000  0.000000000000000e+000
 V 0 3       1211   5.000000000000000e+000  1.000000000000000e+000  0.000000000000000e+000
 V 0 3       1213   6.000000000000000e+000  1.000000000000000e+000  0.000000000000000e+000
 V 0 3       1215   7.000000000000000e+000  1.000000000000000e+000  0.000000000000000e+000
 V 0 3       1217   8.000000000000000e+000  1.000000000000000e+000  0.000000000000000e+000
 V 0 3       1219   9.000000000000000e+000  1.000000000000000e+000  0.000000000000000e+000
 V 0 3       1221   1.000000000000000e+001  1.000000000000000e+000  0.000000000000000e+000
 V 0 3       3001   0.000000000000000e+000  0.000000000000000e+000  5.000000000000000e-001
 V 0 3       3003   1.000000000000000e+000  0.000000000000000e+000  5.000000000000000e-001
 V 0 3       3005   2.000000000000000e+000  0.000000000000000e+000  5.000000000000000e-001
 V 0 3       3007   3.000000000000000e+000  0.000000000000000e+000  5.000000000000000e-001
 V 0 3       3009   4.000000000000000e+000  0.000000000000000e+000  5.000000000000000e-001
 V 0 3       3011   5.000000000000000e+000  0.000000000000000e+000  5.000000000000000e-001
 V 0 3       3013   6.000000000000000e+000  0.000000000000000e+000  5.000000000000000e-001
 V 0 3       3015   7.000000000000000e+000  0.000000000000000e+000  5.000000000000000e-001
 V 0 3       3017   8.000000000000000e+000  0.000000000000000e+000  5.000000000000000e-001
 V 0 3       3019   9.000000000000000e+000  0.000000000000000e+000  5.000000000000000e-001
 V 0 3       3021   1.000000000000000e+001  0.000000000000000e+000  5.000000000000000e-001
 V 0 3       3101   0.000000000000000e+000  5.000000000000000e-001  5.000000000000000e-001
 V 0 3       3103   1.000000000000000e+000  5.000000000000000e-001  5.000000000000000e-001
 V 0 3       3105   2.000000000000000e+000  5.000000000000000e-001  5.000000000000000e-001
 V 0 3       3107   3.000000000000000e+000  5.000000000000000e-001  5.000000000000000e-001
 V 0 3       3109   4.000000000000000e+000  5.000000000000000e-001  5.000000000000000e-001
 V 0 3       3111   5.000000000000000e+000  5.000000000000000e-001  5.000000000000000e-001
 V 0 3       3113   6.000000000000000e+000  5.000000000000000e-001  5.000000000000000e-001
 V 0 3       3115   7.000000000000000e+000  5.000000000000000e-001  5.000000000000000e-001
 V 0 3       3117   8.000000000000000e+000  5.000000000000000e-001  5.000000000000000e-001
 V 0 3       3119   9.000000000000000e+000  5.000000000000000e-001  5.000000000000000e-001
 V 0 3       3121   1.000000000000000e+001  5.000000000000000e-001  5.000000000000000e-001
 V 0 3       3201   0.000000000000000e+000  1.000000000000000e+000  5.000000000000000e-001
 V 0 3       3203   1.000000000000000e+000  1.000000000000000e+000  5.000000000000000e-001
 V 0 3       3205   2.000000000000000e+000  1.000000000000000e+000  5.000000000000000e-001
 V 0 3       3207   3.000000000000000e+000  1.000000000000000e+000  5.000000000000000e-001
 V 0 3       3209   4.000000000000000e+000  1.000000000000000e+000  5.000000000000000e-001
 V 0 3       3211   5.000000000000000e+000  1.000000000000000e+000  5.000000000000000e-001
 V 0 3       3213   6.000000000000000e+000  1.000000000000000e+000  5.000000000000000e-001
 V 0 3       3215   7.000000000000000e+000  1.000000000000000e+000  5.000000000000000e-001
 V 0 3       3217   8.000000000000000e+000  1.000000000000000e+000  5.000000000000000e-001
 V 0 3       3219   9.000000000000000e+000  1.000000000000000e+000  5.000000000000000e-001
 V 0 3       3221   1.000000000000000e+001  1.000000000000000e+000  5.000000000000000e-001
 V 0 3       5001   0.000000000000000e+000  0.000000000000000e+000  1.000000000000000e+000
 V 0 3       5003   1.000000000000000e+000  0.000000000000000e+000  1.000000000000000e+000
 V 0 3       5005   2.000000000000000e+000  0.000000000000000e+000  1.000000000000000e+000
 V 0 3       5007   3.000000000000000e+000  0.000000000000000e+000  1.000000000000000e+000
 V 0 3       5009   4.000000000000000e+000  0.000000000000000e+000  1.000000000000000e+000
 V 0 3       5011   5.000000000000000e+000  0.000000000000000e+000  1.000000000000000e+000
 V 0 3       5013   6.000000000000000e+000  0.000000000000000e+000  1.000000000000000e+000
 V 0 3       5015   7.000000000000000e+000  0.000000000000000e+000  1.000000000000000e+000
 V 0 3       5017   8.000000000000000e+000  0.000000000000000e+000  1.000000000000000e+000
 V 0 3       5019   9.000000000000000e+000  0.000000000000000e+000  1.000000000000000e+000
 V 0 3       5021   1.000000000000000e+001  0.000000000000000e+000  1.000000000000000e+000
 V 0 3       5101   0.000000000000000e+000  5.000000000000000e-001  1.000000000000000e+000
 V 0 3       5103   1.000000000000000e+000  5.000000000000000e-001  1.000000000000000e+000
 V 0 3       5105   2.000000000000000e+000  5.000000000000000e-001  1.000000000000000e+000
 V 0 3       5107   3.000000000000000e+000  5.000000000000000e-001  1.000000000000000e+000
 V 0 3       5109   4.000000000000000e+000  5.000000000000000e-001  1.000000000000000e+000
 V 0 3       5111   5.000000000000000e+000  5.000000000000000e-001  1.000000000000000e+000
 V 0 3       5113   6.000000000000000e+000  5.000000000000000e-001  1.000000000000000e+000
 V 0 3       5115   7.000000000000000e+000  5.000000000000000e-001  1.000000000000000e+000
 V 0 3       5117   8.000000000000000e+000  5.000000000000000e-001  1.000000000000000e+000
 V 0 3       5119   9.000000000000000e+000  5.000000000000000e-001  1.000000000000000e+000
 V 0 3       5121   1.000000000000000e+001  5.000000000000000e-001  1.000000000000000e+000
 V 0 3       5201   0.000000000000000e+000  1.000000000000000e+000  1.000000000000000e+000
 V 0 3       5203   1.000000000000000e+000  1.000000000000000e+000  1.000000000000000e+000
 V 0 3       5205   2.000000000000000e+000  1.000000000000000e+000  1.000000000000000e+000
 V 0 3       5207   3.000000000000000e+000  1.000000000000000e+000  1.000000000000000e+000
 V 0 3       5209   4.000000000000000e+000  1.000000000000000e+000  1.000000000000000e+000
 V 0 3       5211   5.000000000000000e+000  1.000000000000000e+000  1.000000000000000e+000
 V 0 3       5213   6.000000000000000e+000  1.000000000000000e+000  1.000000000000000e+000
 V 0 3       5215   7.000000000000000e+000  1.000000000000000e+000  1.000000000000000e+000
 V 0 3       5217   8.000000000000000e+000  1.000000000000000e+000  1.000000000000000e+000
 V 0 3       5219   9.000000000000000e+000  1.000000000000000e+000  1.000000000000000e+000
 V 0 3       5221   1.000000000000000e+001  1.000000000000000e+000  1.000000000000000e+000
End

Element
 80 0 3120 1001
 Prism      1001       1101      1103      3101      1001      1003      3001
 Prism      1002       1103      3103      3101      1003      3003      3001
 Prism      1003       1103      1105      3103      1003      1005      3003
 Prism      1004       1105      3105      3103      1005      3005      3003
 Prism      1005       1105      1107      3105      1005      1007      3005
 Prism      1006       1107      3107      3105      1007      3007      3005
 Prism      1007       1107      1109      3107      1007      1009      3007
 Prism      1008       1109      3109      3107      1009      3009      3007
 Prism      1009       1109      1111      3109      1009      1011      3009
 Prism      1010       1111      3111      3109      1011      3011      3009
 Prism      1011       1111      1113      3111      1011      1013      3011
 Prism      1012       1113      3113      3111      1013      3013      3011
 Prism      1013       1113      1115      3113      1013      1015      3013
 Prism      1014       1115      3115      3113      1015      3015      3013
 Prism      1015       1115      1117      3115      1015      1017      3015
 Prism      1016       1117      3117      3115      1017      3017      3015
 Prism      1017       1117      1119      3117      1017      1019      3017
 Prism      1018       1119      3119      3117      1019      3019      3017
 Prism      1019       1119      1121      3119      1019      1021      3019
 Prism      1020       1121      3121      3119      1021      3021      3019
 Prism      1101       1201      1203      3201      1101      1103      3101
 Prism      1102       1203      3203      3201      1103      3103      3101
 Prism      1103       1203      1205      3203      1103      1105      3103
 Prism      1104       1205      3205      3203      1105      3105      3103
 Prism      1105       1205      1207      3205      1105      1107      3105
 Prism      1106       1207      3207      3205      1107      3107      3105
 Prism      1107       1207      1209      3207      1107      1109      3107
 Prism      1108       1209      3209      3207      1109      3109      3107
 Prism      1109       1209      1211      3209      1109      1111      3109
 Prism      1110       1211      3211      3209      1111      3111      3109
 Prism      1111       1211      1213      3211      1111      1113      3111
 Prism      1112       1213      3213      3211      1113      3113      3111
 Prism      1113       1213      1215      3213      1113      1115      3113
 Prism      1114       1215      3215      3213      1115      3115      3113
 Prism      1115       1215      1217      3215      1115      1117      3115
 Prism      1116       1217      3217      3215      1117      3117      3115
 Prism      1117       1217      1219      3217      1117      1119      3117
 Prism      1118       1219      3219      3217      1119      3119      3117
 Prism      1119       1219      1221      3219      1119      1121      3119
 Prism      1120       1221      3221      3219      1121      3121      3119
 Prism      3001       3101      3103      5101      3001      3003      5001
 Prism      3002       3103      5103      5101      3003      5003      5001
 Prism      3003       3103      3105      5103      3003      3005      5003
 Prism      3004       3105      5105      5103      3005      5005      5003
 Prism      3005       3105      3107      5105      3005      3007      5005
 Prism      3006       3107      5107      5105      3007      5007      5005
 Prism      3007       3107      3109      5107      3007      3009      5007
 Prism      3008       3109      5109      5107      3009      5009      5007
 Prism      3009       3109      3111      5109      3009      3011      5009
 Prism      3010       3111      5111      5109      3011      5011      5009
 Prism      3011       3111      3113      5111      3011      3013      5011
 Prism      3012       3113      5113      5111      3013      5013      5011
 Prism      3013       3113      3115      5113      3013      3015      5013
 Prism      3014       3115      5115      5113      3015      5015      5013
 Prism      3015       3115      3117      5115      3015      3017      5015
 Prism      3016       3117      5117      5115      3017      5017      5015
 Prism      3017       3117      3119      5117      3017      3019      5017
 Prism      3018       3119      5119      5117      3019      5019      5017
 Prism      3019       3119      3121      5119      3019      3021      5019
 Prism      3020       3121      5121      5119      3021      5021      5019
 Prism      3101       3201      3203      5201      3101      3103      5101
 Prism      3102       3203      5203      5201      3103      5103      5101
 Prism      3103       3203      3205      5203      3103      3105      5103
 Prism      3104       3205      5205      5203      3105      5105      5103
 Prism      3105       3205      3207      5205      3105      3107      5105
 Prism      3106       3207      5207      5205      3107      5107      5105
 Prism      3107       3207      3209      5207      3107      3109      5107
 Prism      3108       3209      5209      5207      3109      5109      5107
 Prism      3109       3209      3211      5209      3109      3111      5109
 Prism      3110       3211      5211      5209      3111      5111      5109
 Prism      3111       3211      3213      5211      3111      3113      5111
 Prism      3112       3213      5213      5211      3113      5113      5111
 Prism      3113       3213      3215      5213      3113      3115      5113
 Prism      3114       3215      5215      5213      3115      5115      5113
 Prism      3115       3215      3217      5215      3115      3117      5115
 Prism      3116       3217      5217      5215      3117      5117      5115
 Prism      3117       3217      3219      5217      3117      3119      5117
 Prism      3118       3219      5219      5217      3119      5119      5117
 Prism      3119       3219      3221      5219      3119      3121      5119
 Prism      3120       3221      5221      5219      3121      5121      5119
End

BoundaryNodeMesh
 0 2
 0 Dirichlet FIX 0
 1 Neumann CL1 0
End

BoundaryNode
 0 Dirichlet 0 9
         0      1001  0.000000000000000e+000  0.000000000000000e+000  0.000000000000000e+000 0   0.000000
         1      1101  0.000000000000000e+000  5.000000000000000e-001  0.000000000000000e+000 0   0.000000
         2      1201  0.000000000000000e+000  1.000000000000000e+000  0.000000000000000e+000 0   0.000000
         3      3001  0.000000000000000e+000  0.000000000000000e+000  5.000000000000000e-001 0   0.000000
         4      3101  0.000000000000000e+000  5.000000000000000e-001  5.000000000000000e-001 0   0.000000
         5      3201  0.000000000000000e+000  1.000000000000000e+000  5.000000000000000e-001 0   0.000000
         6      5001  0.000000000000000e+000  0.000000000000000e+000  1.000000000000000e+000 0   0.000000
         7      5101  0.000000000000000e+000  5.000000000000000e-001  1.000000000000000e+000 0   0.000000
         8      5201  0.000000000000000e+000  1.000000000000000e+000  1.000000000000000e+000 0   0.000000
End

BoundaryNode
 1 Neumann 0 1
         0      3121  1.000000000000000e+001  5.000000000000000e-001  5.000000000000000e-001 0   0.000000
End

ElementGroup
 0 EALL 0
End

ElementGroupEntity
 0 0
 1001 1002 1003 1004 1005 1006
 1007 1008 1009 1010 1011
 1012 1013 1014 1015 1016
 1017 1018 1019 1020 1101
 1102 1103 1104 1105 1106
 1107 1108 1109 1110 1111
 1112 1113 1114 1115 1116
 1117 1118 1119 1120 3001
 3002 3003 3004 3005 3006
 3007 3008 3009 3010 3011
 3012 3013 3014 3015 3016
 3017 3018 3019 3020 3101
 3102 3103 3104 3105 3106
 3107 3108 3109 3110 3111
 3112 3113 3114 3115 3116
 3117 3118 3119 3120
End

