//----------------------------------------      
//      converted mesh data                     
// output format  "MW3 mesh ver 0.4" 
//----------------------------------------      

Version 
  MW3_0.4 
End 

AssyModel
 1 0 0
   0 0
   0
End

Node
 525 0 5221 1001
 V 0 3       1001   0.000000000000000e+000  0.000000000000000e+000  0.000000000000000e+000
 V 0 3       1002   5.000000000000000e-001  0.000000000000000e+000  0.000000000000000e+000
 V 0 3       1003   1.000000000000000e+000  0.000000000000000e+000  0.000000000000000e+000
 V 0 3       1004   1.500000000000000e+000  0.000000000000000e+000  0.000000000000000e+000
 V 0 3       1005   2.000000000000000e+000  0.000000000000000e+000  0.000000000000000e+000
 V 0 3       1006   2.500000000000000e+000  0.000000000000000e+000  0.000000000000000e+000
 V 0 3       1007   3.000000000000000e+000  0.000000000000000e+000  0.000000000000000e+000
 V 0 3       1008   3.500000000000000e+000  0.000000000000000e+000  0.000000000000000e+000
 V 0 3       1009   4.000000000000000e+000  0.000000000000000e+000  0.000000000000000e+000
 V 0 3       1010   4.500000000000000e+000  0.000000000000000e+000  0.000000000000000e+000
 V 0 3       1011   5.000000000000000e+000  0.000000000000000e+000  0.000000000000000e+000
 V 0 3       1012   5.500000000000000e+000  0.000000000000000e+000  0.000000000000000e+000
 V 0 3       1013   6.000000000000000e+000  0.000000000000000e+000  0.000000000000000e+000
 V 0 3       1014   6.500000000000000e+000  0.000000000000000e+000  0.000000000000000e+000
 V 0 3       1015   7.000000000000000e+000  0.000000000000000e+000  0.000000000000000e+000
 V 0 3       1016   7.500000000000000e+000  0.000000000000000e+000  0.000000000000000e+000
 V 0 3       1017   8.000000000000000e+000  0.000000000000000e+000  0.000000000000000e+000
 V 0 3       1018   8.500000000000000e+000  0.000000000000000e+000  0.000000000000000e+000
 V 0 3       1019   9.000000000000000e+000  0.000000000000000e+000  0.000000000000000e+000
 V 0 3       1020   9.500000000000000e+000  0.000000000000000e+000  0.000000000000000e+000
 V 0 3       1021   1.000000000000000e+001  0.000000000000000e+000  0.000000000000000e+000
 V 0 3       1051   0.000000000000000e+000  2.500000000000000e-001  0.000000000000000e+000
 V 0 3       1052   5.000000000000000e-001  2.500000000000000e-001  0.000000000000000e+000
 V 0 3       1053   1.000000000000000e+000  2.500000000000000e-001  0.000000000000000e+000
 V 0 3       1054   1.500000000000000e+000  2.500000000000000e-001  0.000000000000000e+000
 V 0 3       1055   2.000000000000000e+000  2.500000000000000e-001  0.000000000000000e+000
 V 0 3       1056   2.500000000000000e+000  2.500000000000000e-001  0.000000000000000e+000
 V 0 3       1057   3.000000000000000e+000  2.500000000000000e-001  0.000000000000000e+000
 V 0 3       1058   3.500000000000000e+000  2.500000000000000e-001  0.000000000000000e+000
 V 0 3       1059   4.000000000000000e+000  2.500000000000000e-001  0.000000000000000e+000
 V 0 3       1060   4.500000000000000e+000  2.500000000000000e-001  0.000000000000000e+000
 V 0 3       1061   5.000000000000000e+000  2.500000000000000e-001  0.000000000000000e+000
 V 0 3       1062   5.500000000000000e+000  2.500000000000000e-001  0.000000000000000e+000
 V 0 3       1063   6.000000000000000e+000  2.500000000000000e-001  0.000000000000000e+000
 V 0 3       1064   6.500000000000000e+000  2.500000000000000e-001  0.000000000000000e+000
 V 0 3       1065   7.000000000000000e+000  2.500000000000000e-001  0.000000000000000e+000
 V 0 3       1066   7.500000000000000e+000  2.500000000000000e-001  0.000000000000000e+000
 V 0 3       1067   8.000000000000000e+000  2.500000000000000e-001  0.000000000000000e+000
 V 0 3       1068   8.500000000000000e+000  2.500000000000000e-001  0.000000000000000e+000
 V 0 3       1069   9.000000000000000e+000  2.500000000000000e-001  0.000000000000000e+000
 V 0 3       1070   9.500000000000000e+000  2.500000000000000e-001  0.000000000000000e+000
 V 0 3       1071   1.000000000000000e+001  2.500000000000000e-001  0.000000000000000e+000
 V 0 3       1101   0.000000000000000e+000  5.000000000000000e-001  0.000000000000000e+000
 V 0 3       1102   5.000000000000000e-001  5.000000000000000e-001  0.000000000000000e+000
 V 0 3       1103   1.000000000000000e+000  5.000000000000000e-001  0.000000000000000e+000
 V 0 3       1104   1.500000000000000e+000  5.000000000000000e-001  0.000000000000000e+000
 V 0 3       1105   2.000000000000000e+000  5.000000000000000e-001  0.000000000000000e+000
 V 0 3       1106   2.500000000000000e+000  5.000000000000000e-001  0.000000000000000e+000
 V 0 3       1107   3.000000000000000e+000  5.000000000000000e-001  0.000000000000000e+000
 V 0 3       1108   3.500000000000000e+000  5.000000000000000e-001  0.000000000000000e+000
 V 0 3       1109   4.000000000000000e+000  5.000000000000000e-001  0.000000000000000e+000
 V 0 3       1110   4.500000000000000e+000  5.000000000000000e-001  0.000000000000000e+000
 V 0 3       1111   5.000000000000000e+000  5.000000000000000e-001  0.000000000000000e+000
 V 0 3       1112   5.500000000000000e+000  5.000000000000000e-001  0.000000000000000e+000
 V 0 3       1113   6.000000000000000e+000  5.000000000000000e-001  0.000000000000000e+000
 V 0 3       1114   6.500000000000000e+000  5.000000000000000e-001  0.000000000000000e+000
 V 0 3       1115   7.000000000000000e+000  5.000000000000000e-001  0.000000000000000e+000
 V 0 3       1116   7.500000000000000e+000  5.000000000000000e-001  0.000000000000000e+000
 V 0 3       1117   8.000000000000000e+000  5.000000000000000e-001  0.000000000000000e+000
 V 0 3       1118   8.500000000000000e+000  5.000000000000000e-001  0.000000000000000e+000
 V 0 3       1119   9.000000000000000e+000  5.000000000000000e-001  0.000000000000000e+000
 V 0 3       1120   9.500000000000000e+000  5.000000000000000e-001  0.000000000000000e+000
 V 0 3       1121   1.000000000000000e+001  5.000000000000000e-001  0.000000000000000e+000
 V 0 3       1151   0.000000000000000e+000  7.500000000000000e-001  0.000000000000000e+000
 V 0 3       1152   5.000000000000000e-001  7.500000000000000e-001  0.000000000000000e+000
 V 0 3       1153   1.000000000000000e+000  7.500000000000000e-001  0.000000000000000e+000
 V 0 3       1154   1.500000000000000e+000  7.500000000000000e-001  0.000000000000000e+000
 V 0 3       1155   2.000000000000000e+000  7.500000000000000e-001  0.000000000000000e+000
 V 0 3       1156   2.500000000000000e+000  7.500000000000000e-001  0.000000000000000e+000
 V 0 3       1157   3.000000000000000e+000  7.500000000000000e-001  0.000000000000000e+000
 V 0 3       1158   3.500000000000000e+000  7.500000000000000e-001  0.000000000000000e+000
 V 0 3       1159   4.000000000000000e+000  7.500000000000000e-001  0.000000000000000e+000
 V 0 3       1160   4.500000000000000e+000  7.500000000000000e-001  0.000000000000000e+000
 V 0 3       1161   5.000000000000000e+000  7.500000000000000e-001  0.000000000000000e+000
 V 0 3       1162   5.500000000000000e+000  7.500000000000000e-001  0.000000000000000e+000
 V 0 3       1163   6.000000000000000e+000  7.500000000000000e-001  0.000000000000000e+000
 V 0 3       1164   6.500000000000000e+000  7.500000000000000e-001  0.000000000000000e+000
 V 0 3       1165   7.000000000000000e+000  7.500000000000000e-001  0.000000000000000e+000
 V 0 3       1166   7.500000000000000e+000  7.500000000000000e-001  0.000000000000000e+000
 V 0 3       1167   8.000000000000000e+000  7.500000000000000e-001  0.000000000000000e+000
 V 0 3       1168   8.500000000000000e+000  7.500000000000000e-001  0.000000000000000e+000
 V 0 3       1169   9.000000000000000e+000  7.500000000000000e-001  0.000000000000000e+000
 V 0 3       1170   9.500000000000000e+000  7.500000000000000e-001  0.000000000000000e+000
 V 0 3       1171   1.000000000000000e+001  7.500000000000000e-001  0.000000000000000e+000
 V 0 3       1201   0.000000000000000e+000  1.000000000000000e+000  0.000000000000000e+000
 V 0 3       1202   5.000000000000000e-001  1.000000000000000e+000  0.000000000000000e+000
 V 0 3       1203   1.000000000000000e+000  1.000000000000000e+000  0.000000000000000e+000
 V 0 3       1204   1.500000000000000e+000  1.000000000000000e+000  0.000000000000000e+000
 V 0 3       1205   2.000000000000000e+000  1.000000000000000e+000  0.000000000000000e+000
 V 0 3       1206   2.500000000000000e+000  1.000000000000000e+000  0.000000000000000e+000
 V 0 3       1207   3.000000000000000e+000  1.000000000000000e+000  0.000000000000000e+000
 V 0 3       1208   3.500000000000000e+000  1.000000000000000e+000  0.000000000000000e+000
 V 0 3       1209   4.000000000000000e+000  1.000000000000000e+000  0.000000000000000e+000
 V 0 3       1210   4.500000000000000e+000  1.000000000000000e+000  0.000000000000000e+000
 V 0 3       1211   5.000000000000000e+000  1.000000000000000e+000  0.000000000000000e+000
 V 0 3       1212   5.500000000000000e+000  1.000000000000000e+000  0.000000000000000e+000
 V 0 3       1213   6.000000000000000e+000  1.000000000000000e+000  0.000000000000000e+000
 V 0 3       1214   6.500000000000000e+000  1.000000000000000e+000  0.000000000000000e+000
 V 0 3       1215   7.000000000000000e+000  1.000000000000000e+000  0.000000000000000e+000
 V 0 3       1216   7.500000000000000e+000  1.000000000000000e+000  0.000000000000000e+000
 V 0 3       1217   8.000000000000000e+000  1.000000000000000e+000  0.000000000000000e+000
 V 0 3       1218   8.500000000000000e+000  1.000000000000000e+000  0.000000000000000e+000
 V 0 3       1219   9.000000000000000e+000  1.000000000000000e+000  0.000000000000000e+000
 V 0 3       1220   9.500000000000000e+000  1.000000000000000e+000  0.000000000000000e+000
 V 0 3       1221   1.000000000000000e+001  1.000000000000000e+000  0.000000000000000e+000
 V 0 3       2001   0.000000000000000e+000  0.000000000000000e+000  2.500000000000000e-001
 V 0 3       2002   5.000000000000000e-001  0.000000000000000e+000  2.500000000000000e-001
 V 0 3       2003   1.000000000000000e+000  0.000000000000000e+000  2.500000000000000e-001
 V 0 3       2004   1.500000000000000e+000  0.000000000000000e+000  2.500000000000000e-001
 V 0 3       2005   2.000000000000000e+000  0.000000000000000e+000  2.500000000000000e-001
 V 0 3       2006   2.500000000000000e+000  0.000000000000000e+000  2.500000000000000e-001
 V 0 3       2007   3.000000000000000e+000  0.000000000000000e+000  2.500000000000000e-001
 V 0 3       2008   3.500000000000000e+000  0.000000000000000e+000  2.500000000000000e-001
 V 0 3       2009   4.000000000000000e+000  0.000000000000000e+000  2.500000000000000e-001
 V 0 3       2010   4.500000000000000e+000  0.000000000000000e+000  2.500000000000000e-001
 V 0 3       2011   5.000000000000000e+000  0.000000000000000e+000  2.500000000000000e-001
 V 0 3       2012   5.500000000000000e+000  0.000000000000000e+000  2.500000000000000e-001
 V 0 3       2013   6.000000000000000e+000  0.000000000000000e+000  2.500000000000000e-001
 V 0 3       2014   6.500000000000000e+000  0.000000000000000e+000  2.500000000000000e-001
 V 0 3       2015   7.000000000000000e+000  0.000000000000000e+000  2.500000000000000e-001
 V 0 3       2016   7.500000000000000e+000  0.000000000000000e+000  2.500000000000000e-001
 V 0 3       2017   8.000000000000000e+000  0.000000000000000e+000  2.500000000000000e-001
 V 0 3       2018   8.500000000000000e+000  0.000000000000000e+000  2.500000000000000e-001
 V 0 3       2019   9.000000000000000e+000  0.000000000000000e+000  2.500000000000000e-001
 V 0 3       2020   9.500000000000000e+000  0.000000000000000e+000  2.500000000000000e-001
 V 0 3       2021   1.000000000000000e+001  0.000000000000000e+000  2.500000000000000e-001
 V 0 3       2051   0.000000000000000e+000  2.500000000000000e-001  2.500000000000000e-001
 V 0 3       2052   5.000000000000000e-001  2.500000000000000e-001  2.500000000000000e-001
 V 0 3       2053   1.000000000000000e+000  2.500000000000000e-001  2.500000000000000e-001
 V 0 3       2054   1.500000000000000e+000  2.500000000000000e-001  2.500000000000000e-001
 V 0 3       2055   2.000000000000000e+000  2.500000000000000e-001  2.500000000000000e-001
 V 0 3       2056   2.500000000000000e+000  2.500000000000000e-001  2.500000000000000e-001
 V 0 3       2057   3.000000000000000e+000  2.500000000000000e-001  2.500000000000000e-001
 V 0 3       2058   3.500000000000000e+000  2.500000000000000e-001  2.500000000000000e-001
 V 0 3       2059   4.000000000000000e+000  2.500000000000000e-001  2.500000000000000e-001
 V 0 3       2060   4.500000000000000e+000  2.500000000000000e-001  2.500000000000000e-001
 V 0 3       2061   5.000000000000000e+000  2.500000000000000e-001  2.500000000000000e-001
 V 0 3       2062   5.500000000000000e+000  2.500000000000000e-001  2.500000000000000e-001
 V 0 3       2063   6.000000000000000e+000  2.500000000000000e-001  2.500000000000000e-001
 V 0 3       2064   6.500000000000000e+000  2.500000000000000e-001  2.500000000000000e-001
 V 0 3       2065   7.000000000000000e+000  2.500000000000000e-001  2.500000000000000e-001
 V 0 3       2066   7.500000000000000e+000  2.500000000000000e-001  2.500000000000000e-001
 V 0 3       2067   8.000000000000000e+000  2.500000000000000e-001  2.500000000000000e-001
 V 0 3       2068   8.500000000000000e+000  2.500000000000000e-001  2.500000000000000e-001
 V 0 3       2069   9.000000000000000e+000  2.500000000000000e-001  2.500000000000000e-001
 V 0 3       2070   9.500000000000000e+000  2.500000000000000e-001  2.500000000000000e-001
 V 0 3       2071   1.000000000000000e+001  2.500000000000000e-001  2.500000000000000e-001
 V 0 3       2101   0.000000000000000e+000  5.000000000000000e-001  2.500000000000000e-001
 V 0 3       2102   5.000000000000000e-001  5.000000000000000e-001  2.500000000000000e-001
 V 0 3       2103   1.000000000000000e+000  5.000000000000000e-001  2.500000000000000e-001
 V 0 3       2104   1.500000000000000e+000  5.000000000000000e-001  2.500000000000000e-001
 V 0 3       2105   2.000000000000000e+000  5.000000000000000e-001  2.500000000000000e-001
 V 0 3       2106   2.500000000000000e+000  5.000000000000000e-001  2.500000000000000e-001
 V 0 3       2107   3.000000000000000e+000  5.000000000000000e-001  2.500000000000000e-001
 V 0 3       2108   3.500000000000000e+000  5.000000000000000e-001  2.500000000000000e-001
 V 0 3       2109   4.000000000000000e+000  5.000000000000000e-001  2.500000000000000e-001
 V 0 3       2110   4.500000000000000e+000  5.000000000000000e-001  2.500000000000000e-001
 V 0 3       2111   5.000000000000000e+000  5.000000000000000e-001  2.500000000000000e-001
 V 0 3       2112   5.500000000000000e+000  5.000000000000000e-001  2.500000000000000e-001
 V 0 3       2113   6.000000000000000e+000  5.000000000000000e-001  2.500000000000000e-001
 V 0 3       2114   6.500000000000000e+000  5.000000000000000e-001  2.500000000000000e-001
 V 0 3       2115   7.000000000000000e+000  5.000000000000000e-001  2.500000000000000e-001
 V 0 3       2116   7.500000000000000e+000  5.000000000000000e-001  2.500000000000000e-001
 V 0 3       2117   8.000000000000000e+000  5.000000000000000e-001  2.500000000000000e-001
 V 0 3       2118   8.500000000000000e+000  5.000000000000000e-001  2.500000000000000e-001
 V 0 3       2119   9.000000000000000e+000  5.000000000000000e-001  2.500000000000000e-001
 V 0 3       2120   9.500000000000000e+000  5.000000000000000e-001  2.500000000000000e-001
 V 0 3       2121   1.000000000000000e+001  5.000000000000000e-001  2.500000000000000e-001
 V 0 3       2151   0.000000000000000e+000  7.500000000000000e-001  2.500000000000000e-001
 V 0 3       2152   5.000000000000000e-001  7.500000000000000e-001  2.500000000000000e-001
 V 0 3       2153   1.000000000000000e+000  7.500000000000000e-001  2.500000000000000e-001
 V 0 3       2154   1.500000000000000e+000  7.500000000000000e-001  2.500000000000000e-001
 V 0 3       2155   2.000000000000000e+000  7.500000000000000e-001  2.500000000000000e-001
 V 0 3       2156   2.500000000000000e+000  7.500000000000000e-001  2.500000000000000e-001
 V 0 3       2157   3.000000000000000e+000  7.500000000000000e-001  2.500000000000000e-001
 V 0 3       2158   3.500000000000000e+000  7.500000000000000e-001  2.500000000000000e-001
 V 0 3       2159   4.000000000000000e+000  7.500000000000000e-001  2.500000000000000e-001
 V 0 3       2160   4.500000000000000e+000  7.500000000000000e-001  2.500000000000000e-001
 V 0 3       2161   5.000000000000000e+000  7.500000000000000e-001  2.500000000000000e-001
 V 0 3       2162   5.500000000000000e+000  7.500000000000000e-001  2.500000000000000e-001
 V 0 3       2163   6.000000000000000e+000  7.500000000000000e-001  2.500000000000000e-001
 V 0 3       2164   6.500000000000000e+000  7.500000000000000e-001  2.500000000000000e-001
 V 0 3       2165   7.000000000000000e+000  7.500000000000000e-001  2.500000000000000e-001
 V 0 3       2166   7.500000000000000e+000  7.500000000000000e-001  2.500000000000000e-001
 V 0 3       2167   8.000000000000000e+000  7.500000000000000e-001  2.500000000000000e-001
 V 0 3       2168   8.500000000000000e+000  7.500000000000000e-001  2.500000000000000e-001
 V 0 3       2169   9.000000000000000e+000  7.500000000000000e-001  2.500000000000000e-001
 V 0 3       2170   9.500000000000000e+000  7.500000000000000e-001  2.500000000000000e-001
 V 0 3       2171   1.000000000000000e+001  7.500000000000000e-001  2.500000000000000e-001
 V 0 3       2201   0.000000000000000e+000  1.000000000000000e+000  2.500000000000000e-001
 V 0 3       2202   5.000000000000000e-001  1.000000000000000e+000  2.500000000000000e-001
 V 0 3       2203   1.000000000000000e+000  1.000000000000000e+000  2.500000000000000e-001
 V 0 3       2204   1.500000000000000e+000  1.000000000000000e+000  2.500000000000000e-001
 V 0 3       2205   2.000000000000000e+000  1.000000000000000e+000  2.500000000000000e-001
 V 0 3       2206   2.500000000000000e+000  1.000000000000000e+000  2.500000000000000e-001
 V 0 3       2207   3.000000000000000e+000  1.000000000000000e+000  2.500000000000000e-001
 V 0 3       2208   3.500000000000000e+000  1.000000000000000e+000  2.500000000000000e-001
 V 0 3       2209   4.000000000000000e+000  1.000000000000000e+000  2.500000000000000e-001
 V 0 3       2210   4.500000000000000e+000  1.000000000000000e+000  2.500000000000000e-001
 V 0 3       2211   5.000000000000000e+000  1.000000000000000e+000  2.500000000000000e-001
 V 0 3       2212   5.500000000000000e+000  1.000000000000000e+000  2.500000000000000e-001
 V 0 3       2213   6.000000000000000e+000  1.000000000000000e+000  2.500000000000000e-001
 V 0 3       2214   6.500000000000000e+000  1.000000000000000e+000  2.500000000000000e-001
 V 0 3       2215   7.000000000000000e+000  1.000000000000000e+000  2.500000000000000e-001
 V 0 3       2216   7.500000000000000e+000  1.000000000000000e+000  2.500000000000000e-001
 V 0 3       2217   8.000000000000000e+000  1.000000000000000e+000  2.500000000000000e-001
 V 0 3       2218   8.500000000000000e+000  1.000000000000000e+000  2.500000000000000e-001
 V 0 3       2219   9.000000000000000e+000  1.000000000000000e+000  2.500000000000000e-001
 V 0 3       2220   9.500000000000000e+000  1.000000000000000e+000  2.500000000000000e-001
 V 0 3       2221   1.000000000000000e+001  1.000000000000000e+000  2.500000000000000e-001
 V 0 3       3001   0.000000000000000e+000  0.000000000000000e+000  5.000000000000000e-001
 V 0 3       3002   5.000000000000000e-001  0.000000000000000e+000  5.000000000000000e-001
 V 0 3       3003   1.000000000000000e+000  0.000000000000000e+000  5.000000000000000e-001
 V 0 3       3004   1.500000000000000e+000  0.000000000000000e+000  5.000000000000000e-001
 V 0 3       3005   2.000000000000000e+000  0.000000000000000e+000  5.000000000000000e-001
 V 0 3       3006   2.500000000000000e+000  0.000000000000000e+000  5.000000000000000e-001
 V 0 3       3007   3.000000000000000e+000  0.000000000000000e+000  5.000000000000000e-001
 V 0 3       3008   3.500000000000000e+000  0.000000000000000e+000  5.000000000000000e-001
 V 0 3       3009   4.000000000000000e+000  0.000000000000000e+000  5.000000000000000e-001
 V 0 3       3010   4.500000000000000e+000  0.000000000000000e+000  5.000000000000000e-001
 V 0 3       3011   5.000000000000000e+000  0.000000000000000e+000  5.000000000000000e-001
 V 0 3       3012   5.500000000000000e+000  0.000000000000000e+000  5.000000000000000e-001
 V 0 3       3013   6.000000000000000e+000  0.000000000000000e+000  5.000000000000000e-001
 V 0 3       3014   6.500000000000000e+000  0.000000000000000e+000  5.000000000000000e-001
 V 0 3       3015   7.000000000000000e+000  0.000000000000000e+000  5.000000000000000e-001
 V 0 3       3016   7.500000000000000e+000  0.000000000000000e+000  5.000000000000000e-001
 V 0 3       3017   8.000000000000000e+000  0.000000000000000e+000  5.000000000000000e-001
 V 0 3       3018   8.500000000000000e+000  0.000000000000000e+000  5.000000000000000e-001
 V 0 3       3019   9.000000000000000e+000  0.000000000000000e+000  5.000000000000000e-001
 V 0 3       3020   9.500000000000000e+000  0.000000000000000e+000  5.000000000000000e-001
 V 0 3       3021   1.000000000000000e+001  0.000000000000000e+000  5.000000000000000e-001
 V 0 3       3051   0.000000000000000e+000  2.500000000000000e-001  5.000000000000000e-001
 V 0 3       3052   5.000000000000000e-001  2.500000000000000e-001  5.000000000000000e-001
 V 0 3       3053   1.000000000000000e+000  2.500000000000000e-001  5.000000000000000e-001
 V 0 3       3054   1.500000000000000e+000  2.500000000000000e-001  5.000000000000000e-001
 V 0 3       3055   2.000000000000000e+000  2.500000000000000e-001  5.000000000000000e-001
 V 0 3       3056   2.500000000000000e+000  2.500000000000000e-001  5.000000000000000e-001
 V 0 3       3057   3.000000000000000e+000  2.500000000000000e-001  5.000000000000000e-001
 V 0 3       3058   3.500000000000000e+000  2.500000000000000e-001  5.000000000000000e-001
 V 0 3       3059   4.000000000000000e+000  2.500000000000000e-001  5.000000000000000e-001
 V 0 3       3060   4.500000000000000e+000  2.500000000000000e-001  5.000000000000000e-001
 V 0 3       3061   5.000000000000000e+000  2.500000000000000e-001  5.000000000000000e-001
 V 0 3       3062   5.500000000000000e+000  2.500000000000000e-001  5.000000000000000e-001
 V 0 3       3063   6.000000000000000e+000  2.500000000000000e-001  5.000000000000000e-001
 V 0 3       3064   6.500000000000000e+000  2.500000000000000e-001  5.000000000000000e-001
 V 0 3       3065   7.000000000000000e+000  2.500000000000000e-001  5.000000000000000e-001
 V 0 3       3066   7.500000000000000e+000  2.500000000000000e-001  5.000000000000000e-001
 V 0 3       3067   8.000000000000000e+000  2.500000000000000e-001  5.000000000000000e-001
 V 0 3       3068   8.500000000000000e+000  2.500000000000000e-001  5.000000000000000e-001
 V 0 3       3069   9.000000000000000e+000  2.500000000000000e-001  5.000000000000000e-001
 V 0 3       3070   9.500000000000000e+000  2.500000000000000e-001  5.000000000000000e-001
 V 0 3       3071   1.000000000000000e+001  2.500000000000000e-001  5.000000000000000e-001
 V 0 3       3101   0.000000000000000e+000  5.000000000000000e-001  5.000000000000000e-001
 V 0 3       3102   5.000000000000000e-001  5.000000000000000e-001  5.000000000000000e-001
 V 0 3       3103   1.000000000000000e+000  5.000000000000000e-001  5.000000000000000e-001
 V 0 3       3104   1.500000000000000e+000  5.000000000000000e-001  5.000000000000000e-001
 V 0 3       3105   2.000000000000000e+000  5.000000000000000e-001  5.000000000000000e-001
 V 0 3       3106   2.500000000000000e+000  5.000000000000000e-001  5.000000000000000e-001
 V 0 3       3107   3.000000000000000e+000  5.000000000000000e-001  5.000000000000000e-001
 V 0 3       3108   3.500000000000000e+000  5.000000000000000e-001  5.000000000000000e-001
 V 0 3       3109   4.000000000000000e+000  5.000000000000000e-001  5.000000000000000e-001
 V 0 3       3110   4.500000000000000e+000  5.000000000000000e-001  5.000000000000000e-001
 V 0 3       3111   5.000000000000000e+000  5.000000000000000e-001  5.000000000000000e-001
 V 0 3       3112   5.500000000000000e+000  5.000000000000000e-001  5.000000000000000e-001
 V 0 3       3113   6.000000000000000e+000  5.000000000000000e-001  5.000000000000000e-001
 V 0 3       3114   6.500000000000000e+000  5.000000000000000e-001  5.000000000000000e-001
 V 0 3       3115   7.000000000000000e+000  5.000000000000000e-001  5.000000000000000e-001
 V 0 3       3116   7.500000000000000e+000  5.000000000000000e-001  5.000000000000000e-001
 V 0 3       3117   8.000000000000000e+000  5.000000000000000e-001  5.000000000000000e-001
 V 0 3       3118   8.500000000000000e+000  5.000000000000000e-001  5.000000000000000e-001
 V 0 3       3119   9.000000000000000e+000  5.000000000000000e-001  5.000000000000000e-001
 V 0 3       3120   9.500000000000000e+000  5.000000000000000e-001  5.000000000000000e-001
 V 0 3       3121   1.000000000000000e+001  5.000000000000000e-001  5.000000000000000e-001
 V 0 3       3151   0.000000000000000e+000  7.500000000000000e-001  5.000000000000000e-001
 V 0 3       3152   5.000000000000000e-001  7.500000000000000e-001  5.000000000000000e-001
 V 0 3       3153   1.000000000000000e+000  7.500000000000000e-001  5.000000000000000e-001
 V 0 3       3154   1.500000000000000e+000  7.500000000000000e-001  5.000000000000000e-001
 V 0 3       3155   2.000000000000000e+000  7.500000000000000e-001  5.000000000000000e-001
 V 0 3       3156   2.500000000000000e+000  7.500000000000000e-001  5.000000000000000e-001
 V 0 3       3157   3.000000000000000e+000  7.500000000000000e-001  5.000000000000000e-001
 V 0 3       3158   3.500000000000000e+000  7.500000000000000e-001  5.000000000000000e-001
 V 0 3       3159   4.000000000000000e+000  7.500000000000000e-001  5.000000000000000e-001
 V 0 3       3160   4.500000000000000e+000  7.500000000000000e-001  5.000000000000000e-001
 V 0 3       3161   5.000000000000000e+000  7.500000000000000e-001  5.000000000000000e-001
 V 0 3       3162   5.500000000000000e+000  7.500000000000000e-001  5.000000000000000e-001
 V 0 3       3163   6.000000000000000e+000  7.500000000000000e-001  5.000000000000000e-001
 V 0 3       3164   6.500000000000000e+000  7.500000000000000e-001  5.000000000000000e-001
 V 0 3       3165   7.000000000000000e+000  7.500000000000000e-001  5.000000000000000e-001
 V 0 3       3166   7.500000000000000e+000  7.500000000000000e-001  5.000000000000000e-001
 V 0 3       3167   8.000000000000000e+000  7.500000000000000e-001  5.000000000000000e-001
 V 0 3       3168   8.500000000000000e+000  7.500000000000000e-001  5.000000000000000e-001
 V 0 3       3169   9.000000000000000e+000  7.500000000000000e-001  5.000000000000000e-001
 V 0 3       3170   9.500000000000000e+000  7.500000000000000e-001  5.000000000000000e-001
 V 0 3       3171   1.000000000000000e+001  7.500000000000000e-001  5.000000000000000e-001
 V 0 3       3201   0.000000000000000e+000  1.000000000000000e+000  5.000000000000000e-001
 V 0 3       3202   5.000000000000000e-001  1.000000000000000e+000  5.000000000000000e-001
 V 0 3       3203   1.000000000000000e+000  1.000000000000000e+000  5.000000000000000e-001
 V 0 3       3204   1.500000000000000e+000  1.000000000000000e+000  5.000000000000000e-001
 V 0 3       3205   2.000000000000000e+000  1.000000000000000e+000  5.000000000000000e-001
 V 0 3       3206   2.500000000000000e+000  1.000000000000000e+000  5.000000000000000e-001
 V 0 3       3207   3.000000000000000e+000  1.000000000000000e+000  5.000000000000000e-001
 V 0 3       3208   3.500000000000000e+000  1.000000000000000e+000  5.000000000000000e-001
 V 0 3       3209   4.000000000000000e+000  1.000000000000000e+000  5.000000000000000e-001
 V 0 3       3210   4.500000000000000e+000  1.000000000000000e+000  5.000000000000000e-001
 V 0 3       3211   5.000000000000000e+000  1.000000000000000e+000  5.000000000000000e-001
 V 0 3       3212   5.500000000000000e+000  1.000000000000000e+000  5.000000000000000e-001
 V 0 3       3213   6.000000000000000e+000  1.000000000000000e+000  5.000000000000000e-001
 V 0 3       3214   6.500000000000000e+000  1.000000000000000e+000  5.000000000000000e-001
 V 0 3       3215   7.000000000000000e+000  1.000000000000000e+000  5.000000000000000e-001
 V 0 3       3216   7.500000000000000e+000  1.000000000000000e+000  5.000000000000000e-001
 V 0 3       3217   8.000000000000000e+000  1.000000000000000e+000  5.000000000000000e-001
 V 0 3       3218   8.500000000000000e+000  1.000000000000000e+000  5.000000000000000e-001
 V 0 3       3219   9.000000000000000e+000  1.000000000000000e+000  5.000000000000000e-001
 V 0 3       3220   9.500000000000000e+000  1.000000000000000e+000  5.000000000000000e-001
 V 0 3       3221   1.000000000000000e+001  1.000000000000000e+000  5.000000000000000e-001
 V 0 3       4001   0.000000000000000e+000  0.000000000000000e+000  7.500000000000000e-001
 V 0 3       4002   5.000000000000000e-001  0.000000000000000e+000  7.500000000000000e-001
 V 0 3       4003   1.000000000000000e+000  0.000000000000000e+000  7.500000000000000e-001
 V 0 3       4004   1.500000000000000e+000  0.000000000000000e+000  7.500000000000000e-001
 V 0 3       4005   2.000000000000000e+000  0.000000000000000e+000  7.500000000000000e-001
 V 0 3       4006   2.500000000000000e+000  0.000000000000000e+000  7.500000000000000e-001
 V 0 3       4007   3.000000000000000e+000  0.000000000000000e+000  7.500000000000000e-001
 V 0 3       4008   3.500000000000000e+000  0.000000000000000e+000  7.500000000000000e-001
 V 0 3       4009   4.000000000000000e+000  0.000000000000000e+000  7.500000000000000e-001
 V 0 3       4010   4.500000000000000e+000  0.000000000000000e+000  7.500000000000000e-001
 V 0 3       4011   5.000000000000000e+000  0.000000000000000e+000  7.500000000000000e-001
 V 0 3       4012   5.500000000000000e+000  0.000000000000000e+000  7.500000000000000e-001
 V 0 3       4013   6.000000000000000e+000  0.000000000000000e+000  7.500000000000000e-001
 V 0 3       4014   6.500000000000000e+000  0.000000000000000e+000  7.500000000000000e-001
 V 0 3       4015   7.000000000000000e+000  0.000000000000000e+000  7.500000000000000e-001
 V 0 3       4016   7.500000000000000e+000  0.000000000000000e+000  7.500000000000000e-001
 V 0 3       4017   8.000000000000000e+000  0.000000000000000e+000  7.500000000000000e-001
 V 0 3       4018   8.500000000000000e+000  0.000000000000000e+000  7.500000000000000e-001
 V 0 3       4019   9.000000000000000e+000  0.000000000000000e+000  7.500000000000000e-001
 V 0 3       4020   9.500000000000000e+000  0.000000000000000e+000  7.500000000000000e-001
 V 0 3       4021   1.000000000000000e+001  0.000000000000000e+000  7.500000000000000e-001
 V 0 3       4051   0.000000000000000e+000  2.500000000000000e-001  7.500000000000000e-001
 V 0 3       4052   5.000000000000000e-001  2.500000000000000e-001  7.500000000000000e-001
 V 0 3       4053   1.000000000000000e+000  2.500000000000000e-001  7.500000000000000e-001
 V 0 3       4054   1.500000000000000e+000  2.500000000000000e-001  7.500000000000000e-001
 V 0 3       4055   2.000000000000000e+000  2.500000000000000e-001  7.500000000000000e-001
 V 0 3       4056   2.500000000000000e+000  2.500000000000000e-001  7.500000000000000e-001
 V 0 3       4057   3.000000000000000e+000  2.500000000000000e-001  7.500000000000000e-001
 V 0 3       4058   3.500000000000000e+000  2.500000000000000e-001  7.500000000000000e-001
 V 0 3       4059   4.000000000000000e+000  2.500000000000000e-001  7.500000000000000e-001
 V 0 3       4060   4.500000000000000e+000  2.500000000000000e-001  7.500000000000000e-001
 V 0 3       4061   5.000000000000000e+000  2.500000000000000e-001  7.500000000000000e-001
 V 0 3       4062   5.500000000000000e+000  2.500000000000000e-001  7.500000000000000e-001
 V 0 3       4063   6.000000000000000e+000  2.500000000000000e-001  7.500000000000000e-001
 V 0 3       4064   6.500000000000000e+000  2.500000000000000e-001  7.500000000000000e-001
 V 0 3       4065   7.000000000000000e+000  2.500000000000000e-001  7.500000000000000e-001
 V 0 3       4066   7.500000000000000e+000  2.500000000000000e-001  7.500000000000000e-001
 V 0 3       4067   8.000000000000000e+000  2.500000000000000e-001  7.500000000000000e-001
 V 0 3       4068   8.500000000000000e+000  2.500000000000000e-001  7.500000000000000e-001
 V 0 3       4069   9.000000000000000e+000  2.500000000000000e-001  7.500000000000000e-001
 V 0 3       4070   9.500000000000000e+000  2.500000000000000e-001  7.500000000000000e-001
 V 0 3       4071   1.000000000000000e+001  2.500000000000000e-001  7.500000000000000e-001
 V 0 3       4101   0.000000000000000e+000  5.000000000000000e-001  7.500000000000000e-001
 V 0 3       4102   5.000000000000000e-001  5.000000000000000e-001  7.500000000000000e-001
 V 0 3       4103   1.000000000000000e+000  5.000000000000000e-001  7.500000000000000e-001
 V 0 3       4104   1.500000000000000e+000  5.000000000000000e-001  7.500000000000000e-001
 V 0 3       4105   2.000000000000000e+000  5.000000000000000e-001  7.500000000000000e-001
 V 0 3       4106   2.500000000000000e+000  5.000000000000000e-001  7.500000000000000e-001
 V 0 3       4107   3.000000000000000e+000  5.000000000000000e-001  7.500000000000000e-001
 V 0 3       4108   3.500000000000000e+000  5.000000000000000e-001  7.500000000000000e-001
 V 0 3       4109   4.000000000000000e+000  5.000000000000000e-001  7.500000000000000e-001
 V 0 3       4110   4.500000000000000e+000  5.000000000000000e-001  7.500000000000000e-001
 V 0 3       4111   5.000000000000000e+000  5.000000000000000e-001  7.500000000000000e-001
 V 0 3       4112   5.500000000000000e+000  5.000000000000000e-001  7.500000000000000e-001
 V 0 3       4113   6.000000000000000e+000  5.000000000000000e-001  7.500000000000000e-001
 V 0 3       4114   6.500000000000000e+000  5.000000000000000e-001  7.500000000000000e-001
 V 0 3       4115   7.000000000000000e+000  5.000000000000000e-001  7.500000000000000e-001
 V 0 3       4116   7.500000000000000e+000  5.000000000000000e-001  7.500000000000000e-001
 V 0 3       4117   8.000000000000000e+000  5.000000000000000e-001  7.500000000000000e-001
 V 0 3       4118   8.500000000000000e+000  5.000000000000000e-001  7.500000000000000e-001
 V 0 3       4119   9.000000000000000e+000  5.000000000000000e-001  7.500000000000000e-001
 V 0 3       4120   9.500000000000000e+000  5.000000000000000e-001  7.500000000000000e-001
 V 0 3       4121   1.000000000000000e+001  5.000000000000000e-001  7.500000000000000e-001
 V 0 3       4151   0.000000000000000e+000  7.500000000000000e-001  7.500000000000000e-001
 V 0 3       4152   5.000000000000000e-001  7.500000000000000e-001  7.500000000000000e-001
 V 0 3       4153   1.000000000000000e+000  7.500000000000000e-001  7.500000000000000e-001
 V 0 3       4154   1.500000000000000e+000  7.500000000000000e-001  7.500000000000000e-001
 V 0 3       4155   2.000000000000000e+000  7.500000000000000e-001  7.500000000000000e-001
 V 0 3       4156   2.500000000000000e+000  7.500000000000000e-001  7.500000000000000e-001
 V 0 3       4157   3.000000000000000e+000  7.500000000000000e-001  7.500000000000000e-001
 V 0 3       4158   3.500000000000000e+000  7.500000000000000e-001  7.500000000000000e-001
 V 0 3       4159   4.000000000000000e+000  7.500000000000000e-001  7.500000000000000e-001
 V 0 3       4160   4.500000000000000e+000  7.500000000000000e-001  7.500000000000000e-001
 V 0 3       4161   5.000000000000000e+000  7.500000000000000e-001  7.500000000000000e-001
 V 0 3       4162   5.500000000000000e+000  7.500000000000000e-001  7.500000000000000e-001
 V 0 3       4163   6.000000000000000e+000  7.500000000000000e-001  7.500000000000000e-001
 V 0 3       4164   6.500000000000000e+000  7.500000000000000e-001  7.500000000000000e-001
 V 0 3       4165   7.000000000000000e+000  7.500000000000000e-001  7.500000000000000e-001
 V 0 3       4166   7.500000000000000e+000  7.500000000000000e-001  7.500000000000000e-001
 V 0 3       4167   8.000000000000000e+000  7.500000000000000e-001  7.500000000000000e-001
 V 0 3       4168   8.500000000000000e+000  7.500000000000000e-001  7.500000000000000e-001
 V 0 3       4169   9.000000000000000e+000  7.500000000000000e-001  7.500000000000000e-001
 V 0 3       4170   9.500000000000000e+000  7.500000000000000e-001  7.500000000000000e-001
 V 0 3       4171   1.000000000000000e+001  7.500000000000000e-001  7.500000000000000e-001
 V 0 3       4201   0.000000000000000e+000  1.000000000000000e+000  7.500000000000000e-001
 V 0 3       4202   5.000000000000000e-001  1.000000000000000e+000  7.500000000000000e-001
 V 0 3       4203   1.000000000000000e+000  1.000000000000000e+000  7.500000000000000e-001
 V 0 3       4204   1.500000000000000e+000  1.000000000000000e+000  7.500000000000000e-001
 V 0 3       4205   2.000000000000000e+000  1.000000000000000e+000  7.500000000000000e-001
 V 0 3       4206   2.500000000000000e+000  1.000000000000000e+000  7.500000000000000e-001
 V 0 3       4207   3.000000000000000e+000  1.000000000000000e+000  7.500000000000000e-001
 V 0 3       4208   3.500000000000000e+000  1.000000000000000e+000  7.500000000000000e-001
 V 0 3       4209   4.000000000000000e+000  1.000000000000000e+000  7.500000000000000e-001
 V 0 3       4210   4.500000000000000e+000  1.000000000000000e+000  7.500000000000000e-001
 V 0 3       4211   5.000000000000000e+000  1.000000000000000e+000  7.500000000000000e-001
 V 0 3       4212   5.500000000000000e+000  1.000000000000000e+000  7.500000000000000e-001
 V 0 3       4213   6.000000000000000e+000  1.000000000000000e+000  7.500000000000000e-001
 V 0 3       4214   6.500000000000000e+000  1.000000000000000e+000  7.500000000000000e-001
 V 0 3       4215   7.000000000000000e+000  1.000000000000000e+000  7.500000000000000e-001
 V 0 3       4216   7.500000000000000e+000  1.000000000000000e+000  7.500000000000000e-001
 V 0 3       4217   8.000000000000000e+000  1.000000000000000e+000  7.500000000000000e-001
 V 0 3       4218   8.500000000000000e+000  1.000000000000000e+000  7.500000000000000e-001
 V 0 3       4219   9.000000000000000e+000  1.000000000000000e+000  7.500000000000000e-001
 V 0 3       4220   9.500000000000000e+000  1.000000000000000e+000  7.500000000000000e-001
 V 0 3       4221   1.000000000000000e+001  1.000000000000000e+000  7.500000000000000e-001
 V 0 3       5001   0.000000000000000e+000  0.000000000000000e+000  1.000000000000000e+000
 V 0 3       5002   5.000000000000000e-001  0.000000000000000e+000  1.000000000000000e+000
 V 0 3       5003   1.000000000000000e+000  0.000000000000000e+000  1.000000000000000e+000
 V 0 3       5004   1.500000000000000e+000  0.000000000000000e+000  1.000000000000000e+000
 V 0 3       5005   2.000000000000000e+000  0.000000000000000e+000  1.000000000000000e+000
 V 0 3       5006   2.500000000000000e+000  0.000000000000000e+000  1.000000000000000e+000
 V 0 3       5007   3.000000000000000e+000  0.000000000000000e+000  1.000000000000000e+000
 V 0 3       5008   3.500000000000000e+000  0.000000000000000e+000  1.000000000000000e+000
 V 0 3       5009   4.000000000000000e+000  0.000000000000000e+000  1.000000000000000e+000
 V 0 3       5010   4.500000000000000e+000  0.000000000000000e+000  1.000000000000000e+000
 V 0 3       5011   5.000000000000000e+000  0.000000000000000e+000  1.000000000000000e+000
 V 0 3       5012   5.500000000000000e+000  0.000000000000000e+000  1.000000000000000e+000
 V 0 3       5013   6.000000000000000e+000  0.000000000000000e+000  1.000000000000000e+000
 V 0 3       5014   6.500000000000000e+000  0.000000000000000e+000  1.000000000000000e+000
 V 0 3       5015   7.000000000000000e+000  0.000000000000000e+000  1.000000000000000e+000
 V 0 3       5016   7.500000000000000e+000  0.000000000000000e+000  1.000000000000000e+000
 V 0 3       5017   8.000000000000000e+000  0.000000000000000e+000  1.000000000000000e+000
 V 0 3       5018   8.500000000000000e+000  0.000000000000000e+000  1.000000000000000e+000
 V 0 3       5019   9.000000000000000e+000  0.000000000000000e+000  1.000000000000000e+000
 V 0 3       5020   9.500000000000000e+000  0.000000000000000e+000  1.000000000000000e+000
 V 0 3       5021   1.000000000000000e+001  0.000000000000000e+000  1.000000000000000e+000
 V 0 3       5051   0.000000000000000e+000  2.500000000000000e-001  1.000000000000000e+000
 V 0 3       5052   5.000000000000000e-001  2.500000000000000e-001  1.000000000000000e+000
 V 0 3       5053   1.000000000000000e+000  2.500000000000000e-001  1.000000000000000e+000
 V 0 3       5054   1.500000000000000e+000  2.500000000000000e-001  1.000000000000000e+000
 V 0 3       5055   2.000000000000000e+000  2.500000000000000e-001  1.000000000000000e+000
 V 0 3       5056   2.500000000000000e+000  2.500000000000000e-001  1.000000000000000e+000
 V 0 3       5057   3.000000000000000e+000  2.500000000000000e-001  1.000000000000000e+000
 V 0 3       5058   3.500000000000000e+000  2.500000000000000e-001  1.000000000000000e+000
 V 0 3       5059   4.000000000000000e+000  2.500000000000000e-001  1.000000000000000e+000
 V 0 3       5060   4.500000000000000e+000  2.500000000000000e-001  1.000000000000000e+000
 V 0 3       5061   5.000000000000000e+000  2.500000000000000e-001  1.000000000000000e+000
 V 0 3       5062   5.500000000000000e+000  2.500000000000000e-001  1.000000000000000e+000
 V 0 3       5063   6.000000000000000e+000  2.500000000000000e-001  1.000000000000000e+000
 V 0 3       5064   6.500000000000000e+000  2.500000000000000e-001  1.000000000000000e+000
 V 0 3       5065   7.000000000000000e+000  2.500000000000000e-001  1.000000000000000e+000
 V 0 3       5066   7.500000000000000e+000  2.500000000000000e-001  1.000000000000000e+000
 V 0 3       5067   8.000000000000000e+000  2.500000000000000e-001  1.000000000000000e+000
 V 0 3       5068   8.500000000000000e+000  2.500000000000000e-001  1.000000000000000e+000
 V 0 3       5069   9.000000000000000e+000  2.500000000000000e-001  1.000000000000000e+000
 V 0 3       5070   9.500000000000000e+000  2.500000000000000e-001  1.000000000000000e+000
 V 0 3       5071   1.000000000000000e+001  2.500000000000000e-001  1.000000000000000e+000
 V 0 3       5101   0.000000000000000e+000  5.000000000000000e-001  1.000000000000000e+000
 V 0 3       5102   5.000000000000000e-001  5.000000000000000e-001  1.000000000000000e+000
 V 0 3       5103   1.000000000000000e+000  5.000000000000000e-001  1.000000000000000e+000
 V 0 3       5104   1.500000000000000e+000  5.000000000000000e-001  1.000000000000000e+000
 V 0 3       5105   2.000000000000000e+000  5.000000000000000e-001  1.000000000000000e+000
 V 0 3       5106   2.500000000000000e+000  5.000000000000000e-001  1.000000000000000e+000
 V 0 3       5107   3.000000000000000e+000  5.000000000000000e-001  1.000000000000000e+000
 V 0 3       5108   3.500000000000000e+000  5.000000000000000e-001  1.000000000000000e+000
 V 0 3       5109   4.000000000000000e+000  5.000000000000000e-001  1.000000000000000e+000
 V 0 3       5110   4.500000000000000e+000  5.000000000000000e-001  1.000000000000000e+000
 V 0 3       5111   5.000000000000000e+000  5.000000000000000e-001  1.000000000000000e+000
 V 0 3       5112   5.500000000000000e+000  5.000000000000000e-001  1.000000000000000e+000
 V 0 3       5113   6.000000000000000e+000  5.000000000000000e-001  1.000000000000000e+000
 V 0 3       5114   6.500000000000000e+000  5.000000000000000e-001  1.000000000000000e+000
 V 0 3       5115   7.000000000000000e+000  5.000000000000000e-001  1.000000000000000e+000
 V 0 3       5116   7.500000000000000e+000  5.000000000000000e-001  1.000000000000000e+000
 V 0 3       5117   8.000000000000000e+000  5.000000000000000e-001  1.000000000000000e+000
 V 0 3       5118   8.500000000000000e+000  5.000000000000000e-001  1.000000000000000e+000
 V 0 3       5119   9.000000000000000e+000  5.000000000000000e-001  1.000000000000000e+000
 V 0 3       5120   9.500000000000000e+000  5.000000000000000e-001  1.000000000000000e+000
 V 0 3       5121   1.000000000000000e+001  5.000000000000000e-001  1.000000000000000e+000
 V 0 3       5151   0.000000000000000e+000  7.500000000000000e-001  1.000000000000000e+000
 V 0 3       5152   5.000000000000000e-001  7.500000000000000e-001  1.000000000000000e+000
 V 0 3       5153   1.000000000000000e+000  7.500000000000000e-001  1.000000000000000e+000
 V 0 3       5154   1.500000000000000e+000  7.500000000000000e-001  1.000000000000000e+000
 V 0 3       5155   2.000000000000000e+000  7.500000000000000e-001  1.000000000000000e+000
 V 0 3       5156   2.500000000000000e+000  7.500000000000000e-001  1.000000000000000e+000
 V 0 3       5157   3.000000000000000e+000  7.500000000000000e-001  1.000000000000000e+000
 V 0 3       5158   3.500000000000000e+000  7.500000000000000e-001  1.000000000000000e+000
 V 0 3       5159   4.000000000000000e+000  7.500000000000000e-001  1.000000000000000e+000
 V 0 3       5160   4.500000000000000e+000  7.500000000000000e-001  1.000000000000000e+000
 V 0 3       5161   5.000000000000000e+000  7.500000000000000e-001  1.000000000000000e+000
 V 0 3       5162   5.500000000000000e+000  7.500000000000000e-001  1.000000000000000e+000
 V 0 3       5163   6.000000000000000e+000  7.500000000000000e-001  1.000000000000000e+000
 V 0 3       5164   6.500000000000000e+000  7.500000000000000e-001  1.000000000000000e+000
 V 0 3       5165   7.000000000000000e+000  7.500000000000000e-001  1.000000000000000e+000
 V 0 3       5166   7.500000000000000e+000  7.500000000000000e-001  1.000000000000000e+000
 V 0 3       5167   8.000000000000000e+000  7.500000000000000e-001  1.000000000000000e+000
 V 0 3       5168   8.500000000000000e+000  7.500000000000000e-001  1.000000000000000e+000
 V 0 3       5169   9.000000000000000e+000  7.500000000000000e-001  1.000000000000000e+000
 V 0 3       5170   9.500000000000000e+000  7.500000000000000e-001  1.000000000000000e+000
 V 0 3       5171   1.000000000000000e+001  7.500000000000000e-001  1.000000000000000e+000
 V 0 3       5201   0.000000000000000e+000  1.000000000000000e+000  1.000000000000000e+000
 V 0 3       5202   5.000000000000000e-001  1.000000000000000e+000  1.000000000000000e+000
 V 0 3       5203   1.000000000000000e+000  1.000000000000000e+000  1.000000000000000e+000
 V 0 3       5204   1.500000000000000e+000  1.000000000000000e+000  1.000000000000000e+000
 V 0 3       5205   2.000000000000000e+000  1.000000000000000e+000  1.000000000000000e+000
 V 0 3       5206   2.500000000000000e+000  1.000000000000000e+000  1.000000000000000e+000
 V 0 3       5207   3.000000000000000e+000  1.000000000000000e+000  1.000000000000000e+000
 V 0 3       5208   3.500000000000000e+000  1.000000000000000e+000  1.000000000000000e+000
 V 0 3       5209   4.000000000000000e+000  1.000000000000000e+000  1.000000000000000e+000
 V 0 3       5210   4.500000000000000e+000  1.000000000000000e+000  1.000000000000000e+000
 V 0 3       5211   5.000000000000000e+000  1.000000000000000e+000  1.000000000000000e+000
 V 0 3       5212   5.500000000000000e+000  1.000000000000000e+000  1.000000000000000e+000
 V 0 3       5213   6.000000000000000e+000  1.000000000000000e+000  1.000000000000000e+000
 V 0 3       5214   6.500000000000000e+000  1.000000000000000e+000  1.000000000000000e+000
 V 0 3       5215   7.000000000000000e+000  1.000000000000000e+000  1.000000000000000e+000
 V 0 3       5216   7.500000000000000e+000  1.000000000000000e+000  1.000000000000000e+000
 V 0 3       5217   8.000000000000000e+000  1.000000000000000e+000  1.000000000000000e+000
 V 0 3       5218   8.500000000000000e+000  1.000000000000000e+000  1.000000000000000e+000
 V 0 3       5219   9.000000000000000e+000  1.000000000000000e+000  1.000000000000000e+000
 V 0 3       5220   9.500000000000000e+000  1.000000000000000e+000  1.000000000000000e+000
 V 0 3       5221   1.000000000000000e+001  1.000000000000000e+000  1.000000000000000e+000
End

Element
 80 0 3120 1001
 Prism      1001       1101      1103      3101      1001      1003      3001      1102      2101      2102      1053      3051      1051      2002      2001      1002
 Prism      1002       1103      3103      3101      1003      3003      3001      2103      2102      3102      3053      3051      1053      3002      2002      2003
 Prism      1003       1103      1105      3103      1003      1005      3003      1104      2103      2104      1055      3053      1053      2004      2003      1004
 Prism      1004       1105      3105      3103      1005      3005      3003      2105      2104      3104      3055      3053      1055      3004      2004      2005
 Prism      1005       1105      1107      3105      1005      1007      3005      1106      2105      2106      1057      3055      1055      2006      2005      1006
 Prism      1006       1107      3107      3105      1007      3007      3005      2107      2106      3106      3057      3055      1057      3006      2006      2007
 Prism      1007       1107      1109      3107      1007      1009      3007      1108      2107      2108      1059      3057      1057      2008      2007      1008
 Prism      1008       1109      3109      3107      1009      3009      3007      2109      2108      3108      3059      3057      1059      3008      2008      2009
 Prism      1009       1109      1111      3109      1009      1011      3009      1110      2109      2110      1061      3059      1059      2010      2009      1010
 Prism      1010       1111      3111      3109      1011      3011      3009      2111      2110      3110      3061      3059      1061      3010      2010      2011
 Prism      1011       1111      1113      3111      1011      1013      3011      1112      2111      2112      1063      3061      1061      2012      2011      1012
 Prism      1012       1113      3113      3111      1013      3013      3011      2113      2112      3112      3063      3061      1063      3012      2012      2013
 Prism      1013       1113      1115      3113      1013      1015      3013      1114      2113      2114      1065      3063      1063      2014      2013      1014
 Prism      1014       1115      3115      3113      1015      3015      3013      2115      2114      3114      3065      3063      1065      3014      2014      2015
 Prism      1015       1115      1117      3115      1015      1017      3015      1116      2115      2116      1067      3065      1065      2016      2015      1016
 Prism      1016       1117      3117      3115      1017      3017      3015      2117      2116      3116      3067      3065      1067      3016      2016      2017
 Prism      1017       1117      1119      3117      1017      1019      3017      1118      2117      2118      1069      3067      1067      2018      2017      1018
 Prism      1018       1119      3119      3117      1019      3019      3017      2119      2118      3118      3069      3067      1069      3018      2018      2019
 Prism      1019       1119      1121      3119      1019      1021      3019      1120      2119      2120      1071      3069      1069      2020      2019      1020
 Prism      1020       1121      3121      3119      1021      3021      3019      2121      2120      3120      3071      3069      1071      3020      2020      2021
 Prism      1101       1201      1203      3201      1101      1103      3101      1202      2201      2202      1153      3151      1151      2102      2101      1102
 Prism      1102       1203      3203      3201      1103      3103      3101      2203      2202      3202      3153      3151      1153      3102      2102      2103
 Prism      1103       1203      1205      3203      1103      1105      3103      1204      2203      2204      1155      3153      1153      2104      2103      1104
 Prism      1104       1205      3205      3203      1105      3105      3103      2205      2204      3204      3155      3153      1155      3104      2104      2105
 Prism      1105       1205      1207      3205      1105      1107      3105      1206      2205      2206      1157      3155      1155      2106      2105      1106
 Prism      1106       1207      3207      3205      1107      3107      3105      2207      2206      3206      3157      3155      1157      3106      2106      2107
 Prism      1107       1207      1209      3207      1107      1109      3107      1208      2207      2208      1159      3157      1157      2108      2107      1108
 Prism      1108       1209      3209      3207      1109      3109      3107      2209      2208      3208      3159      3157      1159      3108      2108      2109
 Prism      1109       1209      1211      3209      1109      1111      3109      1210      2209      2210      1161      3159      1159      2110      2109      1110
 Prism      1110       1211      3211      3209      1111      3111      3109      2211      2210      3210      3161      3159      1161      3110      2110      2111
 Prism      1111       1211      1213      3211      1111      1113      3111      1212      2211      2212      1163      3161      1161      2112      2111      1112
 Prism      1112       1213      3213      3211      1113      3113      3111      2213      2212      3212      3163      3161      1163      3112      2112      2113
 Prism      1113       1213      1215      3213      1113      1115      3113      1214      2213      2214      1165      3163      1163      2114      2113      1114
 Prism      1114       1215      3215      3213      1115      3115      3113      2215      2214      3214      3165      3163      1165      3114      2114      2115
 Prism      1115       1215      1217      3215      1115      1117      3115      1216      2215      2216      1167      3165      1165      2116      2115      1116
 Prism      1116       1217      3217      3215      1117      3117      3115      2217      2216      3216      3167      3165      1167      3116      2116      2117
 Prism      1117       1217      1219      3217      1117      1119      3117      1218      2217      2218      1169      3167      1167      2118      2117      1118
 Prism      1118       1219      3219      3217      1119      3119      3117      2219      2218      3218      3169      3167      1169      3118      2118      2119
 Prism      1119       1219      1221      3219      1119      1121      3119      1220      2219      2220      1171      3169      1169      2120      2119      1120
 Prism      1120       1221      3221      3219      1121      3121      3119      2221      2220      3220      3171      3169      1171      3120      2120      2121
 Prism      3001       3101      3103      5101      3001      3003      5001      3102      4101      4102      3053      5051      3051      4002      4001      3002
 Prism      3002       3103      5103      5101      3003      5003      5001      4103      4102      5102      5053      5051      3053      5002      4002      4003
 Prism      3003       3103      3105      5103      3003      3005      5003      3104      4103      4104      3055      5053      3053      4004      4003      3004
 Prism      3004       3105      5105      5103      3005      5005      5003      4105      4104      5104      5055      5053      3055      5004      4004      4005
 Prism      3005       3105      3107      5105      3005      3007      5005      3106      4105      4106      3057      5055      3055      4006      4005      3006
 Prism      3006       3107      5107      5105      3007      5007      5005      4107      4106      5106      5057      5055      3057      5006      4006      4007
 Prism      3007       3107      3109      5107      3007      3009      5007      3108      4107      4108      3059      5057      3057      4008      4007      3008
 Prism      3008       3109      5109      5107      3009      5009      5007      4109      4108      5108      5059      5057      3059      5008      4008      4009
 Prism      3009       3109      3111      5109      3009      3011      5009      3110      4109      4110      3061      5059      3059      4010      4009      3010
 Prism      3010       3111      5111      5109      3011      5011      5009      4111      4110      5110      5061      5059      3061      5010      4010      4011
 Prism      3011       3111      3113      5111      3011      3013      5011      3112      4111      4112      3063      5061      3061      4012      4011      3012
 Prism      3012       3113      5113      5111      3013      5013      5011      4113      4112      5112      5063      5061      3063      5012      4012      4013
 Prism      3013       3113      3115      5113      3013      3015      5013      3114      4113      4114      3065      5063      3063      4014      4013      3014
 Prism      3014       3115      5115      5113      3015      5015      5013      4115      4114      5114      5065      5063      3065      5014      4014      4015
 Prism      3015       3115      3117      5115      3015      3017      5015      3116      4115      4116      3067      5065      3065      4016      4015      3016
 Prism      3016       3117      5117      5115      3017      5017      5015      4117      4116      5116      5067      5065      3067      5016      4016      4017
 Prism      3017       3117      3119      5117      3017      3019      5017      3118      4117      4118      3069      5067      3067      4018      4017      3018
 Prism      3018       3119      5119      5117      3019      5019      5017      4119      4118      5118      5069      5067      3069      5018      4018      4019
 Prism      3019       3119      3121      5119      3019      3021      5019      3120      4119      4120      3071      5069      3069      4020      4019      3020
 Prism      3020       3121      5121      5119      3021      5021      5019      4121      4120      5120      5071      5069      3071      5020      4020      4021
 Prism      3101       3201      3203      5201      3101      3103      5101      3202      4201      4202      3153      5151      3151      4102      4101      3102
 Prism      3102       3203      5203      5201      3103      5103      5101      4203      4202      5202      5153      5151      3153      5102      4102      4103
 Prism      3103       3203      3205      5203      3103      3105      5103      3204      4203      4204      3155      5153      3153      4104      4103      3104
 Prism      3104       3205      5205      5203      3105      5105      5103      4205      4204      5204      5155      5153      3155      5104      4104      4105
 Prism      3105       3205      3207      5205      3105      3107      5105      3206      4205      4206      3157      5155      3155      4106      4105      3106
 Prism      3106       3207      5207      5205      3107      5107      5105      4207      4206      5206      5157      5155      3157      5106      4106      4107
 Prism      3107       3207      3209      5207      3107      3109      5107      3208      4207      4208      3159      5157      3157      4108      4107      3108
 Prism      3108       3209      5209      5207      3109      5109      5107      4209      4208      5208      5159      5157      3159      5108      4108      4109
 Prism      3109       3209      3211      5209      3109      3111      5109      3210      4209      4210      3161      5159      3159      4110      4109      3110
 Prism      3110       3211      5211      5209      3111      5111      5109      4211      4210      5210      5161      5159      3161      5110      4110      4111
 Prism      3111       3211      3213      5211      3111      3113      5111      3212      4211      4212      3163      5161      3161      4112      4111      3112
 Prism      3112       3213      5213      5211      3113      5113      5111      4213      4212      5212      5163      5161      3163      5112      4112      4113
 Prism      3113       3213      3215      5213      3113      3115      5113      3214      4213      4214      3165      5163      3163      4114      4113      3114
 Prism      3114       3215      5215      5213      3115      5115      5113      4215      4214      5214      5165      5163      3165      5114      4114      4115
 Prism      3115       3215      3217      5215      3115      3117      5115      3216      4215      4216      3167      5165      3165      4116      4115      3116
 Prism      3116       3217      5217      5215      3117      5117      5115      4217      4216      5216      5167      5165      3167      5116      4116      4117
 Prism      3117       3217      3219      5217      3117      3119      5117      3218      4217      4218      3169      5167      3167      4118      4117      3118
 Prism      3118       3219      5219      5217      3119      5119      5117      4219      4218      5218      5169      5167      3169      5118      4118      4119
 Prism      3119       3219      3221      5219      3119      3121      5119      3220      4219      4220      3171      5169      3169      4120      4119      3120
 Prism      3120       3221      5221      5219      3121      5121      5119      4221      4220      5220      5171      5169      3171      5120      4120      4121
End

BoundaryNodeMesh
 0 2
 0 Dirichlet FIX 0
 1 Dirichlet CL1 0
End

BoundaryNode
 0 Dirichlet 0 21
         0      1001  0.000000000000000e+000  0.000000000000000e+000  0.000000000000000e+000 0   0.000000
         1      1051  0.000000000000000e+000  2.500000000000000e-001  0.000000000000000e+000 0   0.000000
         2      1101  0.000000000000000e+000  5.000000000000000e-001  0.000000000000000e+000 0   0.000000
         3      1151  0.000000000000000e+000  7.500000000000000e-001  0.000000000000000e+000 0   0.000000
         4      1201  0.000000000000000e+000  1.000000000000000e+000  0.000000000000000e+000 0   0.000000
         5      2001  0.000000000000000e+000  0.000000000000000e+000  2.500000000000000e-001 0   0.000000
         6      2101  0.000000000000000e+000  5.000000000000000e-001  2.500000000000000e-001 0   0.000000
         7      2201  0.000000000000000e+000  1.000000000000000e+000  2.500000000000000e-001 0   0.000000
         8      3001  0.000000000000000e+000  0.000000000000000e+000  5.000000000000000e-001 0   0.000000
         9      3051  0.000000000000000e+000  2.500000000000000e-001  5.000000000000000e-001 0   0.000000
        10      3101  0.000000000000000e+000  5.000000000000000e-001  5.000000000000000e-001 0   0.000000
        11      3151  0.000000000000000e+000  7.500000000000000e-001  5.000000000000000e-001 0   0.000000
        12      3201  0.000000000000000e+000  1.000000000000000e+000  5.000000000000000e-001 0   0.000000
        13      4001  0.000000000000000e+000  0.000000000000000e+000  7.500000000000000e-001 0   0.000000
        14      4101  0.000000000000000e+000  5.000000000000000e-001  7.500000000000000e-001 0   0.000000
        15      4201  0.000000000000000e+000  1.000000000000000e+000  7.500000000000000e-001 0   0.000000
        16      5001  0.000000000000000e+000  0.000000000000000e+000  1.000000000000000e+000 0   0.000000
        17      5051  0.000000000000000e+000  2.500000000000000e-001  1.000000000000000e+000 0   0.000000
        18      5101  0.000000000000000e+000  5.000000000000000e-001  1.000000000000000e+000 0   0.000000
        19      5151  0.000000000000000e+000  7.500000000000000e-001  1.000000000000000e+000 0   0.000000
        20      5201  0.000000000000000e+000  1.000000000000000e+000  1.000000000000000e+000 0   0.000000
End

BoundaryNode
 1 Dirichlet 0 1
         0      3121  1.000000000000000e+001  5.000000000000000e-001  5.000000000000000e-001 0   0.000000
End

