//----------------------------------------      
//      converted mesh data                     
// output format  "MW3 mesh ver 0.4" 
//----------------------------------------      

Version 
  MW3_0.4 
End 

AssyModel
 1 0 0
   0 0
   0
End

Node
 525 0 5221 1001
 V 0 3       1001   0.000000000000000e+000  0.000000000000000e+000  0.000000000000000e+000
 V 0 3       1002   5.000000000000000e-001  0.000000000000000e+000  0.000000000000000e+000
 V 0 3       1003   1.000000000000000e+000  0.000000000000000e+000  0.000000000000000e+000
 V 0 3       1004   1.500000000000000e+000  0.000000000000000e+000  0.000000000000000e+000
 V 0 3       1005   2.000000000000000e+000  0.000000000000000e+000  0.000000000000000e+000
 V 0 3       1006   2.500000000000000e+000  0.000000000000000e+000  0.000000000000000e+000
 V 0 3       1007   3.000000000000000e+000  0.000000000000000e+000  0.000000000000000e+000
 V 0 3       1008   3.500000000000000e+000  0.000000000000000e+000  0.000000000000000e+000
 V 0 3       1009   4.000000000000000e+000  0.000000000000000e+000  0.000000000000000e+000
 V 0 3       1010   4.500000000000000e+000  0.000000000000000e+000  0.000000000000000e+000
 V 0 3       1011   5.000000000000000e+000  0.000000000000000e+000  0.000000000000000e+000
 V 0 3       1012   5.500000000000000e+000  0.000000000000000e+000  0.000000000000000e+000
 V 0 3       1013   6.000000000000000e+000  0.000000000000000e+000  0.000000000000000e+000
 V 0 3       1014   6.500000000000000e+000  0.000000000000000e+000  0.000000000000000e+000
 V 0 3       1015   7.000000000000000e+000  0.000000000000000e+000  0.000000000000000e+000
 V 0 3       1016   7.500000000000000e+000  0.000000000000000e+000  0.000000000000000e+000
 V 0 3       1017   8.000000000000000e+000  0.000000000000000e+000  0.000000000000000e+000
 V 0 3       1018   8.500000000000000e+000  0.000000000000000e+000  0.000000000000000e+000
 V 0 3       1019   9.000000000000000e+000  0.000000000000000e+000  0.000000000000000e+000
 V 0 3       1020   9.500000000000000e+000  0.000000000000000e+000  0.000000000000000e+000
 V 0 3       1021   1.000000000000000e+001  0.000000000000000e+000  0.000000000000000e+000
 V 0 3       1051   0.000000000000000e+000  2.500000000000000e-001  0.000000000000000e+000
 V 0 3       1052   5.000000000000000e-001  2.500000000000000e-001  0.000000000000000e+000
 V 0 3       1053   1.000000000000000e+000  2.500000000000000e-001  0.000000000000000e+000
 V 0 3       1054   1.500000000000000e+000  2.500000000000000e-001  0.000000000000000e+000
 V 0 3       1055   2.000000000000000e+000  2.500000000000000e-001  0.000000000000000e+000
 V 0 3       1056   2.500000000000000e+000  2.500000000000000e-001  0.000000000000000e+000
 V 0 3       1057   3.000000000000000e+000  2.500000000000000e-001  0.000000000000000e+000
 V 0 3       1058   3.500000000000000e+000  2.500000000000000e-001  0.000000000000000e+000
 V 0 3       1059   4.000000000000000e+000  2.500000000000000e-001  0.000000000000000e+000
 V 0 3       1060   4.500000000000000e+000  2.500000000000000e-001  0.000000000000000e+000
 V 0 3       1061   5.000000000000000e+000  2.500000000000000e-001  0.000000000000000e+000
 V 0 3       1062   5.500000000000000e+000  2.500000000000000e-001  0.000000000000000e+000
 V 0 3       1063   6.000000000000000e+000  2.500000000000000e-001  0.000000000000000e+000
 V 0 3       1064   6.500000000000000e+000  2.500000000000000e-001  0.000000000000000e+000
 V 0 3       1065   7.000000000000000e+000  2.500000000000000e-001  0.000000000000000e+000
 V 0 3       1066   7.500000000000000e+000  2.500000000000000e-001  0.000000000000000e+000
 V 0 3       1067   8.000000000000000e+000  2.500000000000000e-001  0.000000000000000e+000
 V 0 3       1068   8.500000000000000e+000  2.500000000000000e-001  0.000000000000000e+000
 V 0 3       1069   9.000000000000000e+000  2.500000000000000e-001  0.000000000000000e+000
 V 0 3       1070   9.500000000000000e+000  2.500000000000000e-001  0.000000000000000e+000
 V 0 3       1071   1.000000000000000e+001  2.500000000000000e-001  0.000000000000000e+000
 V 0 3       1101   0.000000000000000e+000  5.000000000000000e-001  0.000000000000000e+000
 V 0 3       1102   5.000000000000000e-001  5.000000000000000e-001  0.000000000000000e+000
 V 0 3       1103   1.000000000000000e+000  5.000000000000000e-001  0.000000000000000e+000
 V 0 3       1104   1.500000000000000e+000  5.000000000000000e-001  0.000000000000000e+000
 V 0 3       1105   2.000000000000000e+000  5.000000000000000e-001  0.000000000000000e+000
 V 0 3       1106   2.500000000000000e+000  5.000000000000000e-001  0.000000000000000e+000
 V 0 3       1107   3.000000000000000e+000  5.000000000000000e-001  0.000000000000000e+000
 V 0 3       1108   3.500000000000000e+000  5.000000000000000e-001  0.000000000000000e+000
 V 0 3       1109   4.000000000000000e+000  5.000000000000000e-001  0.000000000000000e+000
 V 0 3       1110   4.500000000000000e+000  5.000000000000000e-001  0.000000000000000e+000
 V 0 3       1111   5.000000000000000e+000  5.000000000000000e-001  0.000000000000000e+000
 V 0 3       1112   5.500000000000000e+000  5.000000000000000e-001  0.000000000000000e+000
 V 0 3       1113   6.000000000000000e+000  5.000000000000000e-001  0.000000000000000e+000
 V 0 3       1114   6.500000000000000e+000  5.000000000000000e-001  0.000000000000000e+000
 V 0 3       1115   7.000000000000000e+000  5.000000000000000e-001  0.000000000000000e+000
 V 0 3       1116   7.500000000000000e+000  5.000000000000000e-001  0.000000000000000e+000
 V 0 3       1117   8.000000000000000e+000  5.000000000000000e-001  0.000000000000000e+000
 V 0 3       1118   8.500000000000000e+000  5.000000000000000e-001  0.000000000000000e+000
 V 0 3       1119   9.000000000000000e+000  5.000000000000000e-001  0.000000000000000e+000
 V 0 3       1120   9.500000000000000e+000  5.000000000000000e-001  0.000000000000000e+000
 V 0 3       1121   1.000000000000000e+001  5.000000000000000e-001  0.000000000000000e+000
 V 0 3       1151   0.000000000000000e+000  7.500000000000000e-001  0.000000000000000e+000
 V 0 3       1152   5.000000000000000e-001  7.500000000000000e-001  0.000000000000000e+000
 V 0 3       1153   1.000000000000000e+000  7.500000000000000e-001  0.000000000000000e+000
 V 0 3       1154   1.500000000000000e+000  7.500000000000000e-001  0.000000000000000e+000
 V 0 3       1155   2.000000000000000e+000  7.500000000000000e-001  0.000000000000000e+000
 V 0 3       1156   2.500000000000000e+000  7.500000000000000e-001  0.000000000000000e+000
 V 0 3       1157   3.000000000000000e+000  7.500000000000000e-001  0.000000000000000e+000
 V 0 3       1158   3.500000000000000e+000  7.500000000000000e-001  0.000000000000000e+000
 V 0 3       1159   4.000000000000000e+000  7.500000000000000e-001  0.000000000000000e+000
 V 0 3       1160   4.500000000000000e+000  7.500000000000000e-001  0.000000000000000e+000
 V 0 3       1161   5.000000000000000e+000  7.500000000000000e-001  0.000000000000000e+000
 V 0 3       1162   5.500000000000000e+000  7.500000000000000e-001  0.000000000000000e+000
 V 0 3       1163   6.000000000000000e+000  7.500000000000000e-001  0.000000000000000e+000
 V 0 3       1164   6.500000000000000e+000  7.500000000000000e-001  0.000000000000000e+000
 V 0 3       1165   7.000000000000000e+000  7.500000000000000e-001  0.000000000000000e+000
 V 0 3       1166   7.500000000000000e+000  7.500000000000000e-001  0.000000000000000e+000
 V 0 3       1167   8.000000000000000e+000  7.500000000000000e-001  0.000000000000000e+000
 V 0 3       1168   8.500000000000000e+000  7.500000000000000e-001  0.000000000000000e+000
 V 0 3       1169   9.000000000000000e+000  7.500000000000000e-001  0.000000000000000e+000
 V 0 3       1170   9.500000000000000e+000  7.500000000000000e-001  0.000000000000000e+000
 V 0 3       1171   1.000000000000000e+001  7.500000000000000e-001  0.000000000000000e+000
 V 0 3       1201   0.000000000000000e+000  1.000000000000000e+000  0.000000000000000e+000
 V 0 3       1202   5.000000000000000e-001  1.000000000000000e+000  0.000000000000000e+000
 V 0 3       1203   1.000000000000000e+000  1.000000000000000e+000  0.000000000000000e+000
 V 0 3       1204   1.500000000000000e+000  1.000000000000000e+000  0.000000000000000e+000
 V 0 3       1205   2.000000000000000e+000  1.000000000000000e+000  0.000000000000000e+000
 V 0 3       1206   2.500000000000000e+000  1.000000000000000e+000  0.000000000000000e+000
 V 0 3       1207   3.000000000000000e+000  1.000000000000000e+000  0.000000000000000e+000
 V 0 3       1208   3.500000000000000e+000  1.000000000000000e+000  0.000000000000000e+000
 V 0 3       1209   4.000000000000000e+000  1.000000000000000e+000  0.000000000000000e+000
 V 0 3       1210   4.500000000000000e+000  1.000000000000000e+000  0.000000000000000e+000
 V 0 3       1211   5.000000000000000e+000  1.000000000000000e+000  0.000000000000000e+000
 V 0 3       1212   5.500000000000000e+000  1.000000000000000e+000  0.000000000000000e+000
 V 0 3       1213   6.000000000000000e+000  1.000000000000000e+000  0.000000000000000e+000
 V 0 3       1214   6.500000000000000e+000  1.000000000000000e+000  0.000000000000000e+000
 V 0 3       1215   7.000000000000000e+000  1.000000000000000e+000  0.000000000000000e+000
 V 0 3       1216   7.500000000000000e+000  1.000000000000000e+000  0.000000000000000e+000
 V 0 3       1217   8.000000000000000e+000  1.000000000000000e+000  0.000000000000000e+000
 V 0 3       1218   8.500000000000000e+000  1.000000000000000e+000  0.000000000000000e+000
 V 0 3       1219   9.000000000000000e+000  1.000000000000000e+000  0.000000000000000e+000
 V 0 3       1220   9.500000000000000e+000  1.000000000000000e+000  0.000000000000000e+000
 V 0 3       1221   1.000000000000000e+001  1.000000000000000e+000  0.000000000000000e+000
 V 0 3       2001   0.000000000000000e+000  0.000000000000000e+000  2.500000000000000e-001
 V 0 3       2002   5.000000000000000e-001  0.000000000000000e+000  2.500000000000000e-001
 V 0 3       2003   1.000000000000000e+000  0.000000000000000e+000  2.500000000000000e-001
 V 0 3       2004   1.500000000000000e+000  0.000000000000000e+000  2.500000000000000e-001
 V 0 3       2005   2.000000000000000e+000  0.000000000000000e+000  2.500000000000000e-001
 V 0 3       2006   2.500000000000000e+000  0.000000000000000e+000  2.500000000000000e-001
 V 0 3       2007   3.000000000000000e+000  0.000000000000000e+000  2.500000000000000e-001
 V 0 3       2008   3.500000000000000e+000  0.000000000000000e+000  2.500000000000000e-001
 V 0 3       2009   4.000000000000000e+000  0.000000000000000e+000  2.500000000000000e-001
 V 0 3       2010   4.500000000000000e+000  0.000000000000000e+000  2.500000000000000e-001
 V 0 3       2011   5.000000000000000e+000  0.000000000000000e+000  2.500000000000000e-001
 V 0 3       2012   5.500000000000000e+000  0.000000000000000e+000  2.500000000000000e-001
 V 0 3       2013   6.000000000000000e+000  0.000000000000000e+000  2.500000000000000e-001
 V 0 3       2014   6.500000000000000e+000  0.000000000000000e+000  2.500000000000000e-001
 V 0 3       2015   7.000000000000000e+000  0.000000000000000e+000  2.500000000000000e-001
 V 0 3       2016   7.500000000000000e+000  0.000000000000000e+000  2.500000000000000e-001
 V 0 3       2017   8.000000000000000e+000  0.000000000000000e+000  2.500000000000000e-001
 V 0 3       2018   8.500000000000000e+000  0.000000000000000e+000  2.500000000000000e-001
 V 0 3       2019   9.000000000000000e+000  0.000000000000000e+000  2.500000000000000e-001
 V 0 3       2020   9.500000000000000e+000  0.000000000000000e+000  2.500000000000000e-001
 V 0 3       2021   1.000000000000000e+001  0.000000000000000e+000  2.500000000000000e-001
 V 0 3       2051   0.000000000000000e+000  2.500000000000000e-001  2.500000000000000e-001
 V 0 3       2052   5.000000000000000e-001  2.500000000000000e-001  2.500000000000000e-001
 V 0 3       2053   1.000000000000000e+000  2.500000000000000e-001  2.500000000000000e-001
 V 0 3       2054   1.500000000000000e+000  2.500000000000000e-001  2.500000000000000e-001
 V 0 3       2055   2.000000000000000e+000  2.500000000000000e-001  2.500000000000000e-001
 V 0 3       2056   2.500000000000000e+000  2.500000000000000e-001  2.500000000000000e-001
 V 0 3       2057   3.000000000000000e+000  2.500000000000000e-001  2.500000000000000e-001
 V 0 3       2058   3.500000000000000e+000  2.500000000000000e-001  2.500000000000000e-001
 V 0 3       2059   4.000000000000000e+000  2.500000000000000e-001  2.500000000000000e-001
 V 0 3       2060   4.500000000000000e+000  2.500000000000000e-001  2.500000000000000e-001
 V 0 3       2061   5.000000000000000e+000  2.500000000000000e-001  2.500000000000000e-001
 V 0 3       2062   5.500000000000000e+000  2.500000000000000e-001  2.500000000000000e-001
 V 0 3       2063   6.000000000000000e+000  2.500000000000000e-001  2.500000000000000e-001
 V 0 3       2064   6.500000000000000e+000  2.500000000000000e-001  2.500000000000000e-001
 V 0 3       2065   7.000000000000000e+000  2.500000000000000e-001  2.500000000000000e-001
 V 0 3       2066   7.500000000000000e+000  2.500000000000000e-001  2.500000000000000e-001
 V 0 3       2067   8.000000000000000e+000  2.500000000000000e-001  2.500000000000000e-001
 V 0 3       2068   8.500000000000000e+000  2.500000000000000e-001  2.500000000000000e-001
 V 0 3       2069   9.000000000000000e+000  2.500000000000000e-001  2.500000000000000e-001
 V 0 3       2070   9.500000000000000e+000  2.500000000000000e-001  2.500000000000000e-001
 V 0 3       2071   1.000000000000000e+001  2.500000000000000e-001  2.500000000000000e-001
 V 0 3       2101   0.000000000000000e+000  5.000000000000000e-001  2.500000000000000e-001
 V 0 3       2102   5.000000000000000e-001  5.000000000000000e-001  2.500000000000000e-001
 V 0 3       2103   1.000000000000000e+000  5.000000000000000e-001  2.500000000000000e-001
 V 0 3       2104   1.500000000000000e+000  5.000000000000000e-001  2.500000000000000e-001
 V 0 3       2105   2.000000000000000e+000  5.000000000000000e-001  2.500000000000000e-001
 V 0 3       2106   2.500000000000000e+000  5.000000000000000e-001  2.500000000000000e-001
 V 0 3       2107   3.000000000000000e+000  5.000000000000000e-001  2.500000000000000e-001
 V 0 3       2108   3.500000000000000e+000  5.000000000000000e-001  2.500000000000000e-001
 V 0 3       2109   4.000000000000000e+000  5.000000000000000e-001  2.500000000000000e-001
 V 0 3       2110   4.500000000000000e+000  5.000000000000000e-001  2.500000000000000e-001
 V 0 3       2111   5.000000000000000e+000  5.000000000000000e-001  2.500000000000000e-001
 V 0 3       2112   5.500000000000000e+000  5.000000000000000e-001  2.500000000000000e-001
 V 0 3       2113   6.000000000000000e+000  5.000000000000000e-001  2.500000000000000e-001
 V 0 3       2114   6.500000000000000e+000  5.000000000000000e-001  2.500000000000000e-001
 V 0 3       2115   7.000000000000000e+000  5.000000000000000e-001  2.500000000000000e-001
 V 0 3       2116   7.500000000000000e+000  5.000000000000000e-001  2.500000000000000e-001
 V 0 3       2117   8.000000000000000e+000  5.000000000000000e-001  2.500000000000000e-001
 V 0 3       2118   8.500000000000000e+000  5.000000000000000e-001  2.500000000000000e-001
 V 0 3       2119   9.000000000000000e+000  5.000000000000000e-001  2.500000000000000e-001
 V 0 3       2120   9.500000000000000e+000  5.000000000000000e-001  2.500000000000000e-001
 V 0 3       2121   1.000000000000000e+001  5.000000000000000e-001  2.500000000000000e-001
 V 0 3       2151   0.000000000000000e+000  7.500000000000000e-001  2.500000000000000e-001
 V 0 3       2152   5.000000000000000e-001  7.500000000000000e-001  2.500000000000000e-001
 V 0 3       2153   1.000000000000000e+000  7.500000000000000e-001  2.500000000000000e-001
 V 0 3       2154   1.500000000000000e+000  7.500000000000000e-001  2.500000000000000e-001
 V 0 3       2155   2.000000000000000e+000  7.500000000000000e-001  2.500000000000000e-001
 V 0 3       2156   2.500000000000000e+000  7.500000000000000e-001  2.500000000000000e-001
 V 0 3       2157   3.000000000000000e+000  7.500000000000000e-001  2.500000000000000e-001
 V 0 3       2158   3.500000000000000e+000  7.500000000000000e-001  2.500000000000000e-001
 V 0 3       2159   4.000000000000000e+000  7.500000000000000e-001  2.500000000000000e-001
 V 0 3       2160   4.500000000000000e+000  7.500000000000000e-001  2.500000000000000e-001
 V 0 3       2161   5.000000000000000e+000  7.500000000000000e-001  2.500000000000000e-001
 V 0 3       2162   5.500000000000000e+000  7.500000000000000e-001  2.500000000000000e-001
 V 0 3       2163   6.000000000000000e+000  7.500000000000000e-001  2.500000000000000e-001
 V 0 3       2164   6.500000000000000e+000  7.500000000000000e-001  2.500000000000000e-001
 V 0 3       2165   7.000000000000000e+000  7.500000000000000e-001  2.500000000000000e-001
 V 0 3       2166   7.500000000000000e+000  7.500000000000000e-001  2.500000000000000e-001
 V 0 3       2167   8.000000000000000e+000  7.500000000000000e-001  2.500000000000000e-001
 V 0 3       2168   8.500000000000000e+000  7.500000000000000e-001  2.500000000000000e-001
 V 0 3       2169   9.000000000000000e+000  7.500000000000000e-001  2.500000000000000e-001
 V 0 3       2170   9.500000000000000e+000  7.500000000000000e-001  2.500000000000000e-001
 V 0 3       2171   1.000000000000000e+001  7.500000000000000e-001  2.500000000000000e-001
 V 0 3       2201   0.000000000000000e+000  1.000000000000000e+000  2.500000000000000e-001
 V 0 3       2202   5.000000000000000e-001  1.000000000000000e+000  2.500000000000000e-001
 V 0 3       2203   1.000000000000000e+000  1.000000000000000e+000  2.500000000000000e-001
 V 0 3       2204   1.500000000000000e+000  1.000000000000000e+000  2.500000000000000e-001
 V 0 3       2205   2.000000000000000e+000  1.000000000000000e+000  2.500000000000000e-001
 V 0 3       2206   2.500000000000000e+000  1.000000000000000e+000  2.500000000000000e-001
 V 0 3       2207   3.000000000000000e+000  1.000000000000000e+000  2.500000000000000e-001
 V 0 3       2208   3.500000000000000e+000  1.000000000000000e+000  2.500000000000000e-001
 V 0 3       2209   4.000000000000000e+000  1.000000000000000e+000  2.500000000000000e-001
 V 0 3       2210   4.500000000000000e+000  1.000000000000000e+000  2.500000000000000e-001
 V 0 3       2211   5.000000000000000e+000  1.000000000000000e+000  2.500000000000000e-001
 V 0 3       2212   5.500000000000000e+000  1.000000000000000e+000  2.500000000000000e-001
 V 0 3       2213   6.000000000000000e+000  1.000000000000000e+000  2.500000000000000e-001
 V 0 3       2214   6.500000000000000e+000  1.000000000000000e+000  2.500000000000000e-001
 V 0 3       2215   7.000000000000000e+000  1.000000000000000e+000  2.500000000000000e-001
 V 0 3       2216   7.500000000000000e+000  1.000000000000000e+000  2.500000000000000e-001
 V 0 3       2217   8.000000000000000e+000  1.000000000000000e+000  2.500000000000000e-001
 V 0 3       2218   8.500000000000000e+000  1.000000000000000e+000  2.500000000000000e-001
 V 0 3       2219   9.000000000000000e+000  1.000000000000000e+000  2.500000000000000e-001
 V 0 3       2220   9.500000000000000e+000  1.000000000000000e+000  2.500000000000000e-001
 V 0 3       2221   1.000000000000000e+001  1.000000000000000e+000  2.500000000000000e-001
 V 0 3       3001   0.000000000000000e+000  0.000000000000000e+000  5.000000000000000e-001
 V 0 3       3002   5.000000000000000e-001  0.000000000000000e+000  5.000000000000000e-001
 V 0 3       3003   1.000000000000000e+000  0.000000000000000e+000  5.000000000000000e-001
 V 0 3       3004   1.500000000000000e+000  0.000000000000000e+000  5.000000000000000e-001
 V 0 3       3005   2.000000000000000e+000  0.000000000000000e+000  5.000000000000000e-001
 V 0 3       3006   2.500000000000000e+000  0.000000000000000e+000  5.000000000000000e-001
 V 0 3       3007   3.000000000000000e+000  0.000000000000000e+000  5.000000000000000e-001
 V 0 3       3008   3.500000000000000e+000  0.000000000000000e+000  5.000000000000000e-001
 V 0 3       3009   4.000000000000000e+000  0.000000000000000e+000  5.000000000000000e-001
 V 0 3       3010   4.500000000000000e+000  0.000000000000000e+000  5.000000000000000e-001
 V 0 3       3011   5.000000000000000e+000  0.000000000000000e+000  5.000000000000000e-001
 V 0 3       3012   5.500000000000000e+000  0.000000000000000e+000  5.000000000000000e-001
 V 0 3       3013   6.000000000000000e+000  0.000000000000000e+000  5.000000000000000e-001
 V 0 3       3014   6.500000000000000e+000  0.000000000000000e+000  5.000000000000000e-001
 V 0 3       3015   7.000000000000000e+000  0.000000000000000e+000  5.000000000000000e-001
 V 0 3       3016   7.500000000000000e+000  0.000000000000000e+000  5.000000000000000e-001
 V 0 3       3017   8.000000000000000e+000  0.000000000000000e+000  5.000000000000000e-001
 V 0 3       3018   8.500000000000000e+000  0.000000000000000e+000  5.000000000000000e-001
 V 0 3       3019   9.000000000000000e+000  0.000000000000000e+000  5.000000000000000e-001
 V 0 3       3020   9.500000000000000e+000  0.000000000000000e+000  5.000000000000000e-001
 V 0 3       3021   1.000000000000000e+001  0.000000000000000e+000  5.000000000000000e-001
 V 0 3       3051   0.000000000000000e+000  2.500000000000000e-001  5.000000000000000e-001
 V 0 3       3052   5.000000000000000e-001  2.500000000000000e-001  5.000000000000000e-001
 V 0 3       3053   1.000000000000000e+000  2.500000000000000e-001  5.000000000000000e-001
 V 0 3       3054   1.500000000000000e+000  2.500000000000000e-001  5.000000000000000e-001
 V 0 3       3055   2.000000000000000e+000  2.500000000000000e-001  5.000000000000000e-001
 V 0 3       3056   2.500000000000000e+000  2.500000000000000e-001  5.000000000000000e-001
 V 0 3       3057   3.000000000000000e+000  2.500000000000000e-001  5.000000000000000e-001
 V 0 3       3058   3.500000000000000e+000  2.500000000000000e-001  5.000000000000000e-001
 V 0 3       3059   4.000000000000000e+000  2.500000000000000e-001  5.000000000000000e-001
 V 0 3       3060   4.500000000000000e+000  2.500000000000000e-001  5.000000000000000e-001
 V 0 3       3061   5.000000000000000e+000  2.500000000000000e-001  5.000000000000000e-001
 V 0 3       3062   5.500000000000000e+000  2.500000000000000e-001  5.000000000000000e-001
 V 0 3       3063   6.000000000000000e+000  2.500000000000000e-001  5.000000000000000e-001
 V 0 3       3064   6.500000000000000e+000  2.500000000000000e-001  5.000000000000000e-001
 V 0 3       3065   7.000000000000000e+000  2.500000000000000e-001  5.000000000000000e-001
 V 0 3       3066   7.500000000000000e+000  2.500000000000000e-001  5.000000000000000e-001
 V 0 3       3067   8.000000000000000e+000  2.500000000000000e-001  5.000000000000000e-001
 V 0 3       3068   8.500000000000000e+000  2.500000000000000e-001  5.000000000000000e-001
 V 0 3       3069   9.000000000000000e+000  2.500000000000000e-001  5.000000000000000e-001
 V 0 3       3070   9.500000000000000e+000  2.500000000000000e-001  5.000000000000000e-001
 V 0 3       3071   1.000000000000000e+001  2.500000000000000e-001  5.000000000000000e-001
 V 0 3       3101   0.000000000000000e+000  5.000000000000000e-001  5.000000000000000e-001
 V 0 3       3102   5.000000000000000e-001  5.000000000000000e-001  5.000000000000000e-001
 V 0 3       3103   1.000000000000000e+000  5.000000000000000e-001  5.000000000000000e-001
 V 0 3       3104   1.500000000000000e+000  5.000000000000000e-001  5.000000000000000e-001
 V 0 3       3105   2.000000000000000e+000  5.000000000000000e-001  5.000000000000000e-001
 V 0 3       3106   2.500000000000000e+000  5.000000000000000e-001  5.000000000000000e-001
 V 0 3       3107   3.000000000000000e+000  5.000000000000000e-001  5.000000000000000e-001
 V 0 3       3108   3.500000000000000e+000  5.000000000000000e-001  5.000000000000000e-001
 V 0 3       3109   4.000000000000000e+000  5.000000000000000e-001  5.000000000000000e-001
 V 0 3       3110   4.500000000000000e+000  5.000000000000000e-001  5.000000000000000e-001
 V 0 3       3111   5.000000000000000e+000  5.000000000000000e-001  5.000000000000000e-001
 V 0 3       3112   5.500000000000000e+000  5.000000000000000e-001  5.000000000000000e-001
 V 0 3       3113   6.000000000000000e+000  5.000000000000000e-001  5.000000000000000e-001
 V 0 3       3114   6.500000000000000e+000  5.000000000000000e-001  5.000000000000000e-001
 V 0 3       3115   7.000000000000000e+000  5.000000000000000e-001  5.000000000000000e-001
 V 0 3       3116   7.500000000000000e+000  5.000000000000000e-001  5.000000000000000e-001
 V 0 3       3117   8.000000000000000e+000  5.000000000000000e-001  5.000000000000000e-001
 V 0 3       3118   8.500000000000000e+000  5.000000000000000e-001  5.000000000000000e-001
 V 0 3       3119   9.000000000000000e+000  5.000000000000000e-001  5.000000000000000e-001
 V 0 3       3120   9.500000000000000e+000  5.000000000000000e-001  5.000000000000000e-001
 V 0 3       3121   1.000000000000000e+001  5.000000000000000e-001  5.000000000000000e-001
 V 0 3       3151   0.000000000000000e+000  7.500000000000000e-001  5.000000000000000e-001
 V 0 3       3152   5.000000000000000e-001  7.500000000000000e-001  5.000000000000000e-001
 V 0 3       3153   1.000000000000000e+000  7.500000000000000e-001  5.000000000000000e-001
 V 0 3       3154   1.500000000000000e+000  7.500000000000000e-001  5.000000000000000e-001
 V 0 3       3155   2.000000000000000e+000  7.500000000000000e-001  5.000000000000000e-001
 V 0 3       3156   2.500000000000000e+000  7.500000000000000e-001  5.000000000000000e-001
 V 0 3       3157   3.000000000000000e+000  7.500000000000000e-001  5.000000000000000e-001
 V 0 3       3158   3.500000000000000e+000  7.500000000000000e-001  5.000000000000000e-001
 V 0 3       3159   4.000000000000000e+000  7.500000000000000e-001  5.000000000000000e-001
 V 0 3       3160   4.500000000000000e+000  7.500000000000000e-001  5.000000000000000e-001
 V 0 3       3161   5.000000000000000e+000  7.500000000000000e-001  5.000000000000000e-001
 V 0 3       3162   5.500000000000000e+000  7.500000000000000e-001  5.000000000000000e-001
 V 0 3       3163   6.000000000000000e+000  7.500000000000000e-001  5.000000000000000e-001
 V 0 3       3164   6.500000000000000e+000  7.500000000000000e-001  5.000000000000000e-001
 V 0 3       3165   7.000000000000000e+000  7.500000000000000e-001  5.000000000000000e-001
 V 0 3       3166   7.500000000000000e+000  7.500000000000000e-001  5.000000000000000e-001
 V 0 3       3167   8.000000000000000e+000  7.500000000000000e-001  5.000000000000000e-001
 V 0 3       3168   8.500000000000000e+000  7.500000000000000e-001  5.000000000000000e-001
 V 0 3       3169   9.000000000000000e+000  7.500000000000000e-001  5.000000000000000e-001
 V 0 3       3170   9.500000000000000e+000  7.500000000000000e-001  5.000000000000000e-001
 V 0 3       3171   1.000000000000000e+001  7.500000000000000e-001  5.000000000000000e-001
 V 0 3       3201   0.000000000000000e+000  1.000000000000000e+000  5.000000000000000e-001
 V 0 3       3202   5.000000000000000e-001  1.000000000000000e+000  5.000000000000000e-001
 V 0 3       3203   1.000000000000000e+000  1.000000000000000e+000  5.000000000000000e-001
 V 0 3       3204   1.500000000000000e+000  1.000000000000000e+000  5.000000000000000e-001
 V 0 3       3205   2.000000000000000e+000  1.000000000000000e+000  5.000000000000000e-001
 V 0 3       3206   2.500000000000000e+000  1.000000000000000e+000  5.000000000000000e-001
 V 0 3       3207   3.000000000000000e+000  1.000000000000000e+000  5.000000000000000e-001
 V 0 3       3208   3.500000000000000e+000  1.000000000000000e+000  5.000000000000000e-001
 V 0 3       3209   4.000000000000000e+000  1.000000000000000e+000  5.000000000000000e-001
 V 0 3       3210   4.500000000000000e+000  1.000000000000000e+000  5.000000000000000e-001
 V 0 3       3211   5.000000000000000e+000  1.000000000000000e+000  5.000000000000000e-001
 V 0 3       3212   5.500000000000000e+000  1.000000000000000e+000  5.000000000000000e-001
 V 0 3       3213   6.000000000000000e+000  1.000000000000000e+000  5.000000000000000e-001
 V 0 3       3214   6.500000000000000e+000  1.000000000000000e+000  5.000000000000000e-001
 V 0 3       3215   7.000000000000000e+000  1.000000000000000e+000  5.000000000000000e-001
 V 0 3       3216   7.500000000000000e+000  1.000000000000000e+000  5.000000000000000e-001
 V 0 3       3217   8.000000000000000e+000  1.000000000000000e+000  5.000000000000000e-001
 V 0 3       3218   8.500000000000000e+000  1.000000000000000e+000  5.000000000000000e-001
 V 0 3       3219   9.000000000000000e+000  1.000000000000000e+000  5.000000000000000e-001
 V 0 3       3220   9.500000000000000e+000  1.000000000000000e+000  5.000000000000000e-001
 V 0 3       3221   1.000000000000000e+001  1.000000000000000e+000  5.000000000000000e-001
 V 0 3       4001   0.000000000000000e+000  0.000000000000000e+000  7.500000000000000e-001
 V 0 3       4002   5.000000000000000e-001  0.000000000000000e+000  7.500000000000000e-001
 V 0 3       4003   1.000000000000000e+000  0.000000000000000e+000  7.500000000000000e-001
 V 0 3       4004   1.500000000000000e+000  0.000000000000000e+000  7.500000000000000e-001
 V 0 3       4005   2.000000000000000e+000  0.000000000000000e+000  7.500000000000000e-001
 V 0 3       4006   2.500000000000000e+000  0.000000000000000e+000  7.500000000000000e-001
 V 0 3       4007   3.000000000000000e+000  0.000000000000000e+000  7.500000000000000e-001
 V 0 3       4008   3.500000000000000e+000  0.000000000000000e+000  7.500000000000000e-001
 V 0 3       4009   4.000000000000000e+000  0.000000000000000e+000  7.500000000000000e-001
 V 0 3       4010   4.500000000000000e+000  0.000000000000000e+000  7.500000000000000e-001
 V 0 3       4011   5.000000000000000e+000  0.000000000000000e+000  7.500000000000000e-001
 V 0 3       4012   5.500000000000000e+000  0.000000000000000e+000  7.500000000000000e-001
 V 0 3       4013   6.000000000000000e+000  0.000000000000000e+000  7.500000000000000e-001
 V 0 3       4014   6.500000000000000e+000  0.000000000000000e+000  7.500000000000000e-001
 V 0 3       4015   7.000000000000000e+000  0.000000000000000e+000  7.500000000000000e-001
 V 0 3       4016   7.500000000000000e+000  0.000000000000000e+000  7.500000000000000e-001
 V 0 3       4017   8.000000000000000e+000  0.000000000000000e+000  7.500000000000000e-001
 V 0 3       4018   8.500000000000000e+000  0.000000000000000e+000  7.500000000000000e-001
 V 0 3       4019   9.000000000000000e+000  0.000000000000000e+000  7.500000000000000e-001
 V 0 3       4020   9.500000000000000e+000  0.000000000000000e+000  7.500000000000000e-001
 V 0 3       4021   1.000000000000000e+001  0.000000000000000e+000  7.500000000000000e-001
 V 0 3       4051   0.000000000000000e+000  2.500000000000000e-001  7.500000000000000e-001
 V 0 3       4052   5.000000000000000e-001  2.500000000000000e-001  7.500000000000000e-001
 V 0 3       4053   1.000000000000000e+000  2.500000000000000e-001  7.500000000000000e-001
 V 0 3       4054   1.500000000000000e+000  2.500000000000000e-001  7.500000000000000e-001
 V 0 3       4055   2.000000000000000e+000  2.500000000000000e-001  7.500000000000000e-001
 V 0 3       4056   2.500000000000000e+000  2.500000000000000e-001  7.500000000000000e-001
 V 0 3       4057   3.000000000000000e+000  2.500000000000000e-001  7.500000000000000e-001
 V 0 3       4058   3.500000000000000e+000  2.500000000000000e-001  7.500000000000000e-001
 V 0 3       4059   4.000000000000000e+000  2.500000000000000e-001  7.500000000000000e-001
 V 0 3       4060   4.500000000000000e+000  2.500000000000000e-001  7.500000000000000e-001
 V 0 3       4061   5.000000000000000e+000  2.500000000000000e-001  7.500000000000000e-001
 V 0 3       4062   5.500000000000000e+000  2.500000000000000e-001  7.500000000000000e-001
 V 0 3       4063   6.000000000000000e+000  2.500000000000000e-001  7.500000000000000e-001
 V 0 3       4064   6.500000000000000e+000  2.500000000000000e-001  7.500000000000000e-001
 V 0 3       4065   7.000000000000000e+000  2.500000000000000e-001  7.500000000000000e-001
 V 0 3       4066   7.500000000000000e+000  2.500000000000000e-001  7.500000000000000e-001
 V 0 3       4067   8.000000000000000e+000  2.500000000000000e-001  7.500000000000000e-001
 V 0 3       4068   8.500000000000000e+000  2.500000000000000e-001  7.500000000000000e-001
 V 0 3       4069   9.000000000000000e+000  2.500000000000000e-001  7.500000000000000e-001
 V 0 3       4070   9.500000000000000e+000  2.500000000000000e-001  7.500000000000000e-001
 V 0 3       4071   1.000000000000000e+001  2.500000000000000e-001  7.500000000000000e-001
 V 0 3       4101   0.000000000000000e+000  5.000000000000000e-001  7.500000000000000e-001
 V 0 3       4102   5.000000000000000e-001  5.000000000000000e-001  7.500000000000000e-001
 V 0 3       4103   1.000000000000000e+000  5.000000000000000e-001  7.500000000000000e-001
 V 0 3       4104   1.500000000000000e+000  5.000000000000000e-001  7.500000000000000e-001
 V 0 3       4105   2.000000000000000e+000  5.000000000000000e-001  7.500000000000000e-001
 V 0 3       4106   2.500000000000000e+000  5.000000000000000e-001  7.500000000000000e-001
 V 0 3       4107   3.000000000000000e+000  5.000000000000000e-001  7.500000000000000e-001
 V 0 3       4108   3.500000000000000e+000  5.000000000000000e-001  7.500000000000000e-001
 V 0 3       4109   4.000000000000000e+000  5.000000000000000e-001  7.500000000000000e-001
 V 0 3       4110   4.500000000000000e+000  5.000000000000000e-001  7.500000000000000e-001
 V 0 3       4111   5.000000000000000e+000  5.000000000000000e-001  7.500000000000000e-001
 V 0 3       4112   5.500000000000000e+000  5.000000000000000e-001  7.500000000000000e-001
 V 0 3       4113   6.000000000000000e+000  5.000000000000000e-001  7.500000000000000e-001
 V 0 3       4114   6.500000000000000e+000  5.000000000000000e-001  7.500000000000000e-001
 V 0 3       4115   7.000000000000000e+000  5.000000000000000e-001  7.500000000000000e-001
 V 0 3       4116   7.500000000000000e+000  5.000000000000000e-001  7.500000000000000e-001
 V 0 3       4117   8.000000000000000e+000  5.000000000000000e-001  7.500000000000000e-001
 V 0 3       4118   8.500000000000000e+000  5.000000000000000e-001  7.500000000000000e-001
 V 0 3       4119   9.000000000000000e+000  5.000000000000000e-001  7.500000000000000e-001
 V 0 3       4120   9.500000000000000e+000  5.000000000000000e-001  7.500000000000000e-001
 V 0 3       4121   1.000000000000000e+001  5.000000000000000e-001  7.500000000000000e-001
 V 0 3       4151   0.000000000000000e+000  7.500000000000000e-001  7.500000000000000e-001
 V 0 3       4152   5.000000000000000e-001  7.500000000000000e-001  7.500000000000000e-001
 V 0 3       4153   1.000000000000000e+000  7.500000000000000e-001  7.500000000000000e-001
 V 0 3       4154   1.500000000000000e+000  7.500000000000000e-001  7.500000000000000e-001
 V 0 3       4155   2.000000000000000e+000  7.500000000000000e-001  7.500000000000000e-001
 V 0 3       4156   2.500000000000000e+000  7.500000000000000e-001  7.500000000000000e-001
 V 0 3       4157   3.000000000000000e+000  7.500000000000000e-001  7.500000000000000e-001
 V 0 3       4158   3.500000000000000e+000  7.500000000000000e-001  7.500000000000000e-001
 V 0 3       4159   4.000000000000000e+000  7.500000000000000e-001  7.500000000000000e-001
 V 0 3       4160   4.500000000000000e+000  7.500000000000000e-001  7.500000000000000e-001
 V 0 3       4161   5.000000000000000e+000  7.500000000000000e-001  7.500000000000000e-001
 V 0 3       4162   5.500000000000000e+000  7.500000000000000e-001  7.500000000000000e-001
 V 0 3       4163   6.000000000000000e+000  7.500000000000000e-001  7.500000000000000e-001
 V 0 3       4164   6.500000000000000e+000  7.500000000000000e-001  7.500000000000000e-001
 V 0 3       4165   7.000000000000000e+000  7.500000000000000e-001  7.500000000000000e-001
 V 0 3       4166   7.500000000000000e+000  7.500000000000000e-001  7.500000000000000e-001
 V 0 3       4167   8.000000000000000e+000  7.500000000000000e-001  7.500000000000000e-001
 V 0 3       4168   8.500000000000000e+000  7.500000000000000e-001  7.500000000000000e-001
 V 0 3       4169   9.000000000000000e+000  7.500000000000000e-001  7.500000000000000e-001
 V 0 3       4170   9.500000000000000e+000  7.500000000000000e-001  7.500000000000000e-001
 V 0 3       4171   1.000000000000000e+001  7.500000000000000e-001  7.500000000000000e-001
 V 0 3       4201   0.000000000000000e+000  1.000000000000000e+000  7.500000000000000e-001
 V 0 3       4202   5.000000000000000e-001  1.000000000000000e+000  7.500000000000000e-001
 V 0 3       4203   1.000000000000000e+000  1.000000000000000e+000  7.500000000000000e-001
 V 0 3       4204   1.500000000000000e+000  1.000000000000000e+000  7.500000000000000e-001
 V 0 3       4205   2.000000000000000e+000  1.000000000000000e+000  7.500000000000000e-001
 V 0 3       4206   2.500000000000000e+000  1.000000000000000e+000  7.500000000000000e-001
 V 0 3       4207   3.000000000000000e+000  1.000000000000000e+000  7.500000000000000e-001
 V 0 3       4208   3.500000000000000e+000  1.000000000000000e+000  7.500000000000000e-001
 V 0 3       4209   4.000000000000000e+000  1.000000000000000e+000  7.500000000000000e-001
 V 0 3       4210   4.500000000000000e+000  1.000000000000000e+000  7.500000000000000e-001
 V 0 3       4211   5.000000000000000e+000  1.000000000000000e+000  7.500000000000000e-001
 V 0 3       4212   5.500000000000000e+000  1.000000000000000e+000  7.500000000000000e-001
 V 0 3       4213   6.000000000000000e+000  1.000000000000000e+000  7.500000000000000e-001
 V 0 3       4214   6.500000000000000e+000  1.000000000000000e+000  7.500000000000000e-001
 V 0 3       4215   7.000000000000000e+000  1.000000000000000e+000  7.500000000000000e-001
 V 0 3       4216   7.500000000000000e+000  1.000000000000000e+000  7.500000000000000e-001
 V 0 3       4217   8.000000000000000e+000  1.000000000000000e+000  7.500000000000000e-001
 V 0 3       4218   8.500000000000000e+000  1.000000000000000e+000  7.500000000000000e-001
 V 0 3       4219   9.000000000000000e+000  1.000000000000000e+000  7.500000000000000e-001
 V 0 3       4220   9.500000000000000e+000  1.000000000000000e+000  7.500000000000000e-001
 V 0 3       4221   1.000000000000000e+001  1.000000000000000e+000  7.500000000000000e-001
 V 0 3       5001   0.000000000000000e+000  0.000000000000000e+000  1.000000000000000e+000
 V 0 3       5002   5.000000000000000e-001  0.000000000000000e+000  1.000000000000000e+000
 V 0 3       5003   1.000000000000000e+000  0.000000000000000e+000  1.000000000000000e+000
 V 0 3       5004   1.500000000000000e+000  0.000000000000000e+000  1.000000000000000e+000
 V 0 3       5005   2.000000000000000e+000  0.000000000000000e+000  1.000000000000000e+000
 V 0 3       5006   2.500000000000000e+000  0.000000000000000e+000  1.000000000000000e+000
 V 0 3       5007   3.000000000000000e+000  0.000000000000000e+000  1.000000000000000e+000
 V 0 3       5008   3.500000000000000e+000  0.000000000000000e+000  1.000000000000000e+000
 V 0 3       5009   4.000000000000000e+000  0.000000000000000e+000  1.000000000000000e+000
 V 0 3       5010   4.500000000000000e+000  0.000000000000000e+000  1.000000000000000e+000
 V 0 3       5011   5.000000000000000e+000  0.000000000000000e+000  1.000000000000000e+000
 V 0 3       5012   5.500000000000000e+000  0.000000000000000e+000  1.000000000000000e+000
 V 0 3       5013   6.000000000000000e+000  0.000000000000000e+000  1.000000000000000e+000
 V 0 3       5014   6.500000000000000e+000  0.000000000000000e+000  1.000000000000000e+000
 V 0 3       5015   7.000000000000000e+000  0.000000000000000e+000  1.000000000000000e+000
 V 0 3       5016   7.500000000000000e+000  0.000000000000000e+000  1.000000000000000e+000
 V 0 3       5017   8.000000000000000e+000  0.000000000000000e+000  1.000000000000000e+000
 V 0 3       5018   8.500000000000000e+000  0.000000000000000e+000  1.000000000000000e+000
 V 0 3       5019   9.000000000000000e+000  0.000000000000000e+000  1.000000000000000e+000
 V 0 3       5020   9.500000000000000e+000  0.000000000000000e+000  1.000000000000000e+000
 V 0 3       5021   1.000000000000000e+001  0.000000000000000e+000  1.000000000000000e+000
 V 0 3       5051   0.000000000000000e+000  2.500000000000000e-001  1.000000000000000e+000
 V 0 3       5052   5.000000000000000e-001  2.500000000000000e-001  1.000000000000000e+000
 V 0 3       5053   1.000000000000000e+000  2.500000000000000e-001  1.000000000000000e+000
 V 0 3       5054   1.500000000000000e+000  2.500000000000000e-001  1.000000000000000e+000
 V 0 3       5055   2.000000000000000e+000  2.500000000000000e-001  1.000000000000000e+000
 V 0 3       5056   2.500000000000000e+000  2.500000000000000e-001  1.000000000000000e+000
 V 0 3       5057   3.000000000000000e+000  2.500000000000000e-001  1.000000000000000e+000
 V 0 3       5058   3.500000000000000e+000  2.500000000000000e-001  1.000000000000000e+000
 V 0 3       5059   4.000000000000000e+000  2.500000000000000e-001  1.000000000000000e+000
 V 0 3       5060   4.500000000000000e+000  2.500000000000000e-001  1.000000000000000e+000
 V 0 3       5061   5.000000000000000e+000  2.500000000000000e-001  1.000000000000000e+000
 V 0 3       5062   5.500000000000000e+000  2.500000000000000e-001  1.000000000000000e+000
 V 0 3       5063   6.000000000000000e+000  2.500000000000000e-001  1.000000000000000e+000
 V 0 3       5064   6.500000000000000e+000  2.500000000000000e-001  1.000000000000000e+000
 V 0 3       5065   7.000000000000000e+000  2.500000000000000e-001  1.000000000000000e+000
 V 0 3       5066   7.500000000000000e+000  2.500000000000000e-001  1.000000000000000e+000
 V 0 3       5067   8.000000000000000e+000  2.500000000000000e-001  1.000000000000000e+000
 V 0 3       5068   8.500000000000000e+000  2.500000000000000e-001  1.000000000000000e+000
 V 0 3       5069   9.000000000000000e+000  2.500000000000000e-001  1.000000000000000e+000
 V 0 3       5070   9.500000000000000e+000  2.500000000000000e-001  1.000000000000000e+000
 V 0 3       5071   1.000000000000000e+001  2.500000000000000e-001  1.000000000000000e+000
 V 0 3       5101   0.000000000000000e+000  5.000000000000000e-001  1.000000000000000e+000
 V 0 3       5102   5.000000000000000e-001  5.000000000000000e-001  1.000000000000000e+000
 V 0 3       5103   1.000000000000000e+000  5.000000000000000e-001  1.000000000000000e+000
 V 0 3       5104   1.500000000000000e+000  5.000000000000000e-001  1.000000000000000e+000
 V 0 3       5105   2.000000000000000e+000  5.000000000000000e-001  1.000000000000000e+000
 V 0 3       5106   2.500000000000000e+000  5.000000000000000e-001  1.000000000000000e+000
 V 0 3       5107   3.000000000000000e+000  5.000000000000000e-001  1.000000000000000e+000
 V 0 3       5108   3.500000000000000e+000  5.000000000000000e-001  1.000000000000000e+000
 V 0 3       5109   4.000000000000000e+000  5.000000000000000e-001  1.000000000000000e+000
 V 0 3       5110   4.500000000000000e+000  5.000000000000000e-001  1.000000000000000e+000
 V 0 3       5111   5.000000000000000e+000  5.000000000000000e-001  1.000000000000000e+000
 V 0 3       5112   5.500000000000000e+000  5.000000000000000e-001  1.000000000000000e+000
 V 0 3       5113   6.000000000000000e+000  5.000000000000000e-001  1.000000000000000e+000
 V 0 3       5114   6.500000000000000e+000  5.000000000000000e-001  1.000000000000000e+000
 V 0 3       5115   7.000000000000000e+000  5.000000000000000e-001  1.000000000000000e+000
 V 0 3       5116   7.500000000000000e+000  5.000000000000000e-001  1.000000000000000e+000
 V 0 3       5117   8.000000000000000e+000  5.000000000000000e-001  1.000000000000000e+000
 V 0 3       5118   8.500000000000000e+000  5.000000000000000e-001  1.000000000000000e+000
 V 0 3       5119   9.000000000000000e+000  5.000000000000000e-001  1.000000000000000e+000
 V 0 3       5120   9.500000000000000e+000  5.000000000000000e-001  1.000000000000000e+000
 V 0 3       5121   1.000000000000000e+001  5.000000000000000e-001  1.000000000000000e+000
 V 0 3       5151   0.000000000000000e+000  7.500000000000000e-001  1.000000000000000e+000
 V 0 3       5152   5.000000000000000e-001  7.500000000000000e-001  1.000000000000000e+000
 V 0 3       5153   1.000000000000000e+000  7.500000000000000e-001  1.000000000000000e+000
 V 0 3       5154   1.500000000000000e+000  7.500000000000000e-001  1.000000000000000e+000
 V 0 3       5155   2.000000000000000e+000  7.500000000000000e-001  1.000000000000000e+000
 V 0 3       5156   2.500000000000000e+000  7.500000000000000e-001  1.000000000000000e+000
 V 0 3       5157   3.000000000000000e+000  7.500000000000000e-001  1.000000000000000e+000
 V 0 3       5158   3.500000000000000e+000  7.500000000000000e-001  1.000000000000000e+000
 V 0 3       5159   4.000000000000000e+000  7.500000000000000e-001  1.000000000000000e+000
 V 0 3       5160   4.500000000000000e+000  7.500000000000000e-001  1.000000000000000e+000
 V 0 3       5161   5.000000000000000e+000  7.500000000000000e-001  1.000000000000000e+000
 V 0 3       5162   5.500000000000000e+000  7.500000000000000e-001  1.000000000000000e+000
 V 0 3       5163   6.000000000000000e+000  7.500000000000000e-001  1.000000000000000e+000
 V 0 3       5164   6.500000000000000e+000  7.500000000000000e-001  1.000000000000000e+000
 V 0 3       5165   7.000000000000000e+000  7.500000000000000e-001  1.000000000000000e+000
 V 0 3       5166   7.500000000000000e+000  7.500000000000000e-001  1.000000000000000e+000
 V 0 3       5167   8.000000000000000e+000  7.500000000000000e-001  1.000000000000000e+000
 V 0 3       5168   8.500000000000000e+000  7.500000000000000e-001  1.000000000000000e+000
 V 0 3       5169   9.000000000000000e+000  7.500000000000000e-001  1.000000000000000e+000
 V 0 3       5170   9.500000000000000e+000  7.500000000000000e-001  1.000000000000000e+000
 V 0 3       5171   1.000000000000000e+001  7.500000000000000e-001  1.000000000000000e+000
 V 0 3       5201   0.000000000000000e+000  1.000000000000000e+000  1.000000000000000e+000
 V 0 3       5202   5.000000000000000e-001  1.000000000000000e+000  1.000000000000000e+000
 V 0 3       5203   1.000000000000000e+000  1.000000000000000e+000  1.000000000000000e+000
 V 0 3       5204   1.500000000000000e+000  1.000000000000000e+000  1.000000000000000e+000
 V 0 3       5205   2.000000000000000e+000  1.000000000000000e+000  1.000000000000000e+000
 V 0 3       5206   2.500000000000000e+000  1.000000000000000e+000  1.000000000000000e+000
 V 0 3       5207   3.000000000000000e+000  1.000000000000000e+000  1.000000000000000e+000
 V 0 3       5208   3.500000000000000e+000  1.000000000000000e+000  1.000000000000000e+000
 V 0 3       5209   4.000000000000000e+000  1.000000000000000e+000  1.000000000000000e+000
 V 0 3       5210   4.500000000000000e+000  1.000000000000000e+000  1.000000000000000e+000
 V 0 3       5211   5.000000000000000e+000  1.000000000000000e+000  1.000000000000000e+000
 V 0 3       5212   5.500000000000000e+000  1.000000000000000e+000  1.000000000000000e+000
 V 0 3       5213   6.000000000000000e+000  1.000000000000000e+000  1.000000000000000e+000
 V 0 3       5214   6.500000000000000e+000  1.000000000000000e+000  1.000000000000000e+000
 V 0 3       5215   7.000000000000000e+000  1.000000000000000e+000  1.000000000000000e+000
 V 0 3       5216   7.500000000000000e+000  1.000000000000000e+000  1.000000000000000e+000
 V 0 3       5217   8.000000000000000e+000  1.000000000000000e+000  1.000000000000000e+000
 V 0 3       5218   8.500000000000000e+000  1.000000000000000e+000  1.000000000000000e+000
 V 0 3       5219   9.000000000000000e+000  1.000000000000000e+000  1.000000000000000e+000
 V 0 3       5220   9.500000000000000e+000  1.000000000000000e+000  1.000000000000000e+000
 V 0 3       5221   1.000000000000000e+001  1.000000000000000e+000  1.000000000000000e+000
End

Element
 40 0 3119 1001
 Hexa      1001       1001      1003      1103      1101      3001      3003      3103      3101      1002      1053      1102      1051      3002      3053      3102      3051      2001      2003      2103      2101
 Hexa      1003       1003      1005      1105      1103      3003      3005      3105      3103      1004      1055      1104      1053      3004      3055      3104      3053      2003      2005      2105      2103
 Hexa      1005       1005      1007      1107      1105      3005      3007      3107      3105      1006      1057      1106      1055      3006      3057      3106      3055      2005      2007      2107      2105
 Hexa      1007       1007      1009      1109      1107      3007      3009      3109      3107      1008      1059      1108      1057      3008      3059      3108      3057      2007      2009      2109      2107
 Hexa      1009       1009      1011      1111      1109      3009      3011      3111      3109      1010      1061      1110      1059      3010      3061      3110      3059      2009      2011      2111      2109
 Hexa      1011       1011      1013      1113      1111      3011      3013      3113      3111      1012      1063      1112      1061      3012      3063      3112      3061      2011      2013      2113      2111
 Hexa      1013       1013      1015      1115      1113      3013      3015      3115      3113      1014      1065      1114      1063      3014      3065      3114      3063      2013      2015      2115      2113
 Hexa      1015       1015      1017      1117      1115      3015      3017      3117      3115      1016      1067      1116      1065      3016      3067      3116      3065      2015      2017      2117      2115
 Hexa      1017       1017      1019      1119      1117      3017      3019      3119      3117      1018      1069      1118      1067      3018      3069      3118      3067      2017      2019      2119      2117
 Hexa      1019       1019      1021      1121      1119      3019      3021      3121      3119      1020      1071      1120      1069      3020      3071      3120      3069      2019      2021      2121      2119
 Hexa      1101       1101      1103      1203      1201      3101      3103      3203      3201      1102      1153      1202      1151      3102      3153      3202      3151      2101      2103      2203      2201
 Hexa      1103       1103      1105      1205      1203      3103      3105      3205      3203      1104      1155      1204      1153      3104      3155      3204      3153      2103      2105      2205      2203
 Hexa      1105       1105      1107      1207      1205      3105      3107      3207      3205      1106      1157      1206      1155      3106      3157      3206      3155      2105      2107      2207      2205
 Hexa      1107       1107      1109      1209      1207      3107      3109      3209      3207      1108      1159      1208      1157      3108      3159      3208      3157      2107      2109      2209      2207
 Hexa      1109       1109      1111      1211      1209      3109      3111      3211      3209      1110      1161      1210      1159      3110      3161      3210      3159      2109      2111      2211      2209
 Hexa      1111       1111      1113      1213      1211      3111      3113      3213      3211      1112      1163      1212      1161      3112      3163      3212      3161      2111      2113      2213      2211
 Hexa      1113       1113      1115      1215      1213      3113      3115      3215      3213      1114      1165      1214      1163      3114      3165      3214      3163      2113      2115      2215      2213
 Hexa      1115       1115      1117      1217      1215      3115      3117      3217      3215      1116      1167      1216      1165      3116      3167      3216      3165      2115      2117      2217      2215
 Hexa      1117       1117      1119      1219      1217      3117      3119      3219      3217      1118      1169      1218      1167      3118      3169      3218      3167      2117      2119      2219      2217
 Hexa      1119       1119      1121      1221      1219      3119      3121      3221      3219      1120      1171      1220      1169      3120      3171      3220      3169      2119      2121      2221      2219
 Hexa      3001       3001      3003      3103      3101      5001      5003      5103      5101      3002      3053      3102      3051      5002      5053      5102      5051      4001      4003      4103      4101
 Hexa      3003       3003      3005      3105      3103      5003      5005      5105      5103      3004      3055      3104      3053      5004      5055      5104      5053      4003      4005      4105      4103
 Hexa      3005       3005      3007      3107      3105      5005      5007      5107      5105      3006      3057      3106      3055      5006      5057      5106      5055      4005      4007      4107      4105
 Hexa      3007       3007      3009      3109      3107      5007      5009      5109      5107      3008      3059      3108      3057      5008      5059      5108      5057      4007      4009      4109      4107
 Hexa      3009       3009      3011      3111      3109      5009      5011      5111      5109      3010      3061      3110      3059      5010      5061      5110      5059      4009      4011      4111      4109
 Hexa      3011       3011      3013      3113      3111      5011      5013      5113      5111      3012      3063      3112      3061      5012      5063      5112      5061      4011      4013      4113      4111
 Hexa      3013       3013      3015      3115      3113      5013      5015      5115      5113      3014      3065      3114      3063      5014      5065      5114      5063      4013      4015      4115      4113
 Hexa      3015       3015      3017      3117      3115      5015      5017      5117      5115      3016      3067      3116      3065      5016      5067      5116      5065      4015      4017      4117      4115
 Hexa      3017       3017      3019      3119      3117      5017      5019      5119      5117      3018      3069      3118      3067      5018      5069      5118      5067      4017      4019      4119      4117
 Hexa      3019       3019      3021      3121      3119      5019      5021      5121      5119      3020      3071      3120      3069      5020      5071      5120      5069      4019      4021      4121      4119
 Hexa      3101       3101      3103      3203      3201      5101      5103      5203      5201      3102      3153      3202      3151      5102      5153      5202      5151      4101      4103      4203      4201
 Hexa      3103       3103      3105      3205      3203      5103      5105      5205      5203      3104      3155      3204      3153      5104      5155      5204      5153      4103      4105      4205      4203
 Hexa      3105       3105      3107      3207      3205      5105      5107      5207      5205      3106      3157      3206      3155      5106      5157      5206      5155      4105      4107      4207      4205
 Hexa      3107       3107      3109      3209      3207      5107      5109      5209      5207      3108      3159      3208      3157      5108      5159      5208      5157      4107      4109      4209      4207
 Hexa      3109       3109      3111      3211      3209      5109      5111      5211      5209      3110      3161      3210      3159      5110      5161      5210      5159      4109      4111      4211      4209
 Hexa      3111       3111      3113      3213      3211      5111      5113      5213      5211      3112      3163      3212      3161      5112      5163      5212      5161      4111      4113      4213      4211
 Hexa      3113       3113      3115      3215      3213      5113      5115      5215      5213      3114      3165      3214      3163      5114      5165      5214      5163      4113      4115      4215      4213
 Hexa      3115       3115      3117      3217      3215      5115      5117      5217      5215      3116      3167      3216      3165      5116      5167      5216      5165      4115      4117      4217      4215
 Hexa      3117       3117      3119      3219      3217      5117      5119      5219      5217      3118      3169      3218      3167      5118      5169      5218      5167      4117      4119      4219      4217
 Hexa      3119       3119      3121      3221      3219      5119      5121      5221      5219      3120      3171      3220      3169      5120      5171      5220      5169      4119      4121      4221      4219
End

BoundaryNodeMesh
 0 2
 0 Dirichlet FIX 0
 1 Dirichlet CL1 0
End

BoundaryNode
 0 Dirichlet 0 21
         0      1001  0.000000000000000e+000  0.000000000000000e+000  0.000000000000000e+000 0   0.000000
         1      1051  0.000000000000000e+000  2.500000000000000e-001  0.000000000000000e+000 0   0.000000
         2      1101  0.000000000000000e+000  5.000000000000000e-001  0.000000000000000e+000 0   0.000000
         3      1151  0.000000000000000e+000  7.500000000000000e-001  0.000000000000000e+000 0   0.000000
         4      1201  0.000000000000000e+000  1.000000000000000e+000  0.000000000000000e+000 0   0.000000
         5      2001  0.000000000000000e+000  0.000000000000000e+000  2.500000000000000e-001 0   0.000000
         6      2101  0.000000000000000e+000  5.000000000000000e-001  2.500000000000000e-001 0   0.000000
         7      2201  0.000000000000000e+000  1.000000000000000e+000  2.500000000000000e-001 0   0.000000
         8      3001  0.000000000000000e+000  0.000000000000000e+000  5.000000000000000e-001 0   0.000000
         9      3051  0.000000000000000e+000  2.500000000000000e-001  5.000000000000000e-001 0   0.000000
        10      3101  0.000000000000000e+000  5.000000000000000e-001  5.000000000000000e-001 0   0.000000
        11      3151  0.000000000000000e+000  7.500000000000000e-001  5.000000000000000e-001 0   0.000000
        12      3201  0.000000000000000e+000  1.000000000000000e+000  5.000000000000000e-001 0   0.000000
        13      4001  0.000000000000000e+000  0.000000000000000e+000  7.500000000000000e-001 0   0.000000
        14      4101  0.000000000000000e+000  5.000000000000000e-001  7.500000000000000e-001 0   0.000000
        15      4201  0.000000000000000e+000  1.000000000000000e+000  7.500000000000000e-001 0   0.000000
        16      5001  0.000000000000000e+000  0.000000000000000e+000  1.000000000000000e+000 0   0.000000
        17      5051  0.000000000000000e+000  2.500000000000000e-001  1.000000000000000e+000 0   0.000000
        18      5101  0.000000000000000e+000  5.000000000000000e-001  1.000000000000000e+000 0   0.000000
        19      5151  0.000000000000000e+000  7.500000000000000e-001  1.000000000000000e+000 0   0.000000
        20      5201  0.000000000000000e+000  1.000000000000000e+000  1.000000000000000e+000 0   0.000000
End

BoundaryNode
 1 Dirichlet 0 1
         0      3121  1.000000000000000e+001  5.000000000000000e-001  5.000000000000000e-001 0   0.000000
End

