!HECMW-DMD-ASCII version=2
0
0
1
1
2
../sample.msh
0
1
SAMPLE DATA
0.0000000000000000E+00
6
6
2
1 0
2 0
1 2
1 1
2 2
3 2
1001 1002 1003 1004 1005 1006 
0.0000000000000000E+00 0.0000000000000000E+00 0.0000000000000000E+00
1.0000000000000000E+00 0.0000000000000000E+00 0.0000000000000000E+00
0.0000000000000000E+00 1.0000000000000000E+00 0.0000000000000000E+00
1.0000000000000000E+00 1.0000000000000000E+00 0.0000000000000000E+00
0.0000000000000000E+00 0.0000000000000000E+00 1.0000000000000000E+00
1.0000000000000000E+00 0.0000000000000000E+00 1.0000000000000000E+00
3
1
0 2 
3 
3
3
3
1 2 3 
1 0
2 0
3 0
1 2 4 
341 341 341 
1
0 3 
341 
0 4 8 12 
1 2 3 5 2 3 5 6 2 4
3 6 
1 1 1 
0 1 2 3 
1 1 1 
3
1
0
3
1
0
0
3
2
1 2 
0 1 4 
4 3 5 6 
0 1 3 
2 1 2 
0 1 4 
3 1 2 3 
1
1 
0 
0 1 
1 
0 0 
0 1 
1.0000000000000000E+00 
1
1
2
2
M1
0 1 
0 2 
0 1 2 
4.0000000000000000E+03 2.9999999999999999E-01 
0.0000000000000000E+00 0.0000000000000000E+00 
0
0
7
ALL
XFIX
YFIX
ZFIX
XFIX2
YFIX2
ZFIX2
0 6 9 13 17 20 22 24 
1 2 3 4 5 6 1 3 5 1
2 5 6 1 2 3 4 2 4 6
3 4 5 6 
2
ALL
PRESS
0 3 3 
1 2 3 
6
TOP
BOTTOM
RIGHT
LEFT
FRONT
BACK
0 0 2 3 4 6 6 
1 1
3 1
3 2
1 4
1 2
2 4
0
