!HECMW-DMD-ASCII version=3
0
0
1
1
3
../sample.msh
0
1
SAMPLE DATA
0.0000000000000000E+00
12
12
6
1 0
2 0
3 0
4 0
5 0
6 0
1 2
3 2
5 2
1 1
3 1
5 1
1 4 7 10 13 16 2 5 8 11
14 17 
0.0000000000000000E+00 0.0000000000000000E+00 0.0000000000000000E+00
0.0000000000000000E+00 1.0000000000000000E+00 0.0000000000000000E+00
0.0000000000000000E+00 0.0000000000000000E+00 1.0000000000000000E+00
0.0000000000000000E+00 1.0000000000000000E+00 1.0000000000000000E+00
0.0000000000000000E+00 0.0000000000000000E+00 2.0000000000000000E+00
0.0000000000000000E+00 1.0000000000000000E+00 2.0000000000000000E+00
1.0000000000000000E+00 0.0000000000000000E+00 0.0000000000000000E+00
1.0000000000000000E+00 1.0000000000000000E+00 0.0000000000000000E+00
1.0000000000000000E+00 0.0000000000000000E+00 1.0000000000000000E+00
1.0000000000000000E+00 1.0000000000000000E+00 1.0000000000000000E+00
1.0000000000000000E+00 0.0000000000000000E+00 2.0000000000000000E+00
1.0000000000000000E+00 1.0000000000000000E+00 2.0000000000000000E+00
3
1
0 6 
3 
3
3
3
1 2 3 
1 0
2 0
3 0
4 5 1 
351 351 361 
3
0 0 2 3 
341 351 361 
0 6 12 20 
3 4 5 9 10 11 4 6 5 10
12 11 1 7 8 2 3 9 10 4
1 1 1 
0 1 2 3 
1 1 1 
3
1
0
3
1
0
0
3
2
1 2 
0 3 6 
10 11 12 7 8 9 
0 6 11 
1 2 3 4 5 6 1 2 3 4
5 
0 3 5 
1 2 3 1 3 
1
1 
0 
0 1 
1 
0 0 
0 1 
1.0000000000000000E+00 
1
1
2
2
M1
0 1 
0 2 
0 1 2 
4.0000000000000000E+03 2.9999999999999999E-01 
0.0000000000000000E+00 0.0000000000000000E+00 
0
0
7
ALL
XFIX
YFIX
ZFIX
XFIX2
YFIX2
ZFIX2
0 12 18 24 28 28 34 38 
1 7 2 8 3 9 4 10 5 11
6 12 1 2 3 4 5 6 1 7
3 9 5 11 1 7 2 8 2 8
4 10 6 12 5 11 6 12 
2
ALL
PRESS
0 3 3 
3 1 2 
6
TOP
BOTTOM
RIGHT
LEFT
FRONT
BACK
0 1 2 2 5 7 9 
2 4
3 1
3 6
1 1
2 1
3 3
1 5
3 5
2 3
0
0
