!HECMW-DMD-ASCII version=3
0
0
1
1
3
../sample.msh
0
1
TEST MODEL A231
0.0000000000000000E+00
4
4
2
1 0
2 0
1 1
2 1
1 3 101 103 
0.0000000000000000E+00 0.0000000000000000E+00 0.0000000000000000E+00
1.0000000000000000E+00 0.0000000000000000E+00 0.0000000000000000E+00
0.0000000000000000E+00 5.0000000000000000E-01 0.0000000000000000E+00
1.0000000000000000E+00 5.0000000000000000E-01 0.0000000000000000E+00
2
1
0 2 
2 
2
2
2
1 2 
1 0
2 0
1 2 
231 231 
1
0 2 
231 
0 3 6 
1 2 3 2 4 3 
1 1 
0 1 2 
1 1 
2
1
0
3
1
0
0
3
1
1 
0 2 
3 4 
0 2 
1 2 
0 2 
1 2 
1
1 
0 
0 1 
1 
0 0 
0 1 
1.0000000000000000E+00 
1
1
2
2
M1
0 1 
0 2 
0 1 2 
4.0000000000000000E+03 2.9999999999999999E-01 
0.0000000000000000E+00 0.0000000000000000E+00 
0
0
4
ALL
XFIX
YFIX
CL1
0 4 6 8 9 
1 2 3 4 1 3 1 2 4 
1
ALL
0 2 
1 2 
4
RIGHT
LEFT
BOTTOM
TOP
0 1 2 3 3 
2 1
1 3
1 1
0
0
